[[[255,255,255],
[252,252,252],
[252,252,252],
[251,251,252],
[247,252,252],
[247,251,251],
[251,248,251],
[249,248,252],
[247,250,252],
[246,248,252],
[239,251,248],
[240,251,244],
[231,240,247],
[210,218,232],
[209,216,228],
[214,221,231],
[208,218,229],
[197,210,223],
[187,204,220],
[179,199,215],
[172,193,208],
[166,187,202],
[162,183,201],
[162,184,206],
[164,189,209],
[168,196,214],
[173,202,218],
[172,201,215],
[168,196,214],
[160,188,210],
[153,177,198],
[155,172,188]],
[[255,255,255],
[255,255,255],
[254,255,255],
[250,255,255],
[247,255,255],
[249,255,254],
[253,253,254],
[252,249,254],
[251,251,253],
[247,252,253],
[245,251,251],
[248,248,244],
[246,243,247],
[235,233,241],
[222,224,231],
[204,210,222],
[178,190,207],
[169,188,211],
[166,191,216],
[161,189,211],
[159,186,208],
[154,182,204],
[153,180,202],
[158,183,206],
[159,186,208],
[160,190,212],
[166,198,218],
[166,197,216],
[163,193,214],
[158,188,212],
[153,179,201],
[156,175,190]],
[[255,255,255],
[253,253,250],
[252,252,249],
[250,253,250],
[250,253,251],
[251,251,250],
[251,249,249],
[244,250,247],
[241,244,239],
[227,234,231],
[225,219,226],
[221,204,206],
[210,186,191],
[196,174,179],
[188,172,175],
[179,172,178],
[170,172,184],
[164,175,196],
[163,183,208],
[157,185,210],
[153,182,206],
[150,178,203],
[147,174,198],
[151,177,198],
[154,182,204],
[153,184,208],
[157,189,212],
[159,189,210],
[158,188,210],
[156,185,208],
[153,178,198],
[156,175,191]],
[[255,255,255],
[255,252,248],
[254,250,244],
[254,247,246],
[254,244,246],
[250,238,240],
[240,225,226],
[237,200,204],
[238,183,188],
[202,176,181],
[181,162,177],
[145,119,128],
[120,82,88],
[106,65,70],
[103,70,73],
[108,85,83],
[137,122,125],
[165,159,171],
[158,162,179],
[156,176,195],
[157,177,197],
[155,174,194],
[150,171,190],
[150,174,191],
[153,179,199],
[152,181,204],
[155,184,209],
[160,185,208],
[161,186,208],
[160,185,206],
[159,181,199],
[169,185,201]],
[[255,254,253],
[251,241,238],
[242,226,222],
[228,208,210],
[221,195,201],
[211,185,190],
[180,157,158],
[191,118,126],
[207,100,115],
[183,142,149],
[179,180,192],
[122,114,123],
[72,40,44],
[60,19,20],
[53,17,18],
[56,27,24],
[72,47,47],
[114,96,101],
[148,137,146],
[154,158,168],
[185,190,200],
[195,200,209],
[189,199,208],
[180,199,211],
[169,191,207],
[154,178,200],
[146,168,193],
[146,164,187],
[150,168,188],
[152,171,187],
[167,182,198],
[186,197,215]],
[[255,254,254],
[223,203,201],
[214,183,181],
[229,201,205],
[215,182,189],
[197,171,175],
[164,156,152],
[144,110,103],
[167,75,81],
[158,133,132],
[160,191,196],
[163,178,185],
[87,72,73],
[60,30,27],
[47,19,18],
[45,20,23],
[50,25,29],
[54,32,37],
[97,79,84],
[152,142,144],
[184,175,175],
[208,196,197],
[212,208,210],
[205,219,226],
[183,200,212],
[155,174,194],
[141,160,182],
[144,158,178],
[151,165,181],
[155,171,182],
[165,177,191],
[175,182,201]],
[[240,246,249],
[215,191,190],
[235,208,206],
[237,203,207],
[195,163,169],
[205,199,203],
[175,190,188],
[124,131,123],
[150,68,76],
[135,93,91],
[128,152,159],
[165,179,193],
[124,116,124],
[61,36,35],
[48,22,14],
[42,18,20],
[48,18,24],
[46,21,26],
[49,29,33],
[106,90,91],
[157,143,138],
[142,104,101],
[174,152,148],
[178,187,194],
[168,181,194],
[163,185,202],
[164,191,208],
[175,195,210],
[180,199,211],
[177,200,208],
[174,197,207],
[175,192,209]],
[[235,226,238],
[223,172,176],
[223,174,177],
[177,152,151],
[156,144,146],
[187,191,200],
[176,193,205],
[120,152,160],
[127,76,92],
[119,53,58],
[96,100,106],
[130,152,157],
[145,149,157],
[70,47,53],
[55,20,18],
[47,20,21],
[45,16,19],
[47,20,24],
[43,16,22],
[44,23,29],
[102,84,83],
[148,96,98],
[204,170,169],
[212,210,218],
[193,195,209],
[177,196,211],
[167,199,215],
[164,193,213],
[162,189,206],
[160,190,205],
[160,191,205],
[166,192,206]],
[[214,210,217],
[227,162,162],
[196,117,117],
[162,128,124],
[149,135,134],
[162,160,169],
[166,179,195],
[122,160,180],
[110,107,120],
[118,45,54],
[81,57,62],
[94,102,98],
[147,143,148],
[118,91,104],
[60,19,29],
[55,21,24],
[42,19,18],
[50,18,21],
[74,25,34],
[89,49,56],
[121,89,93],
[194,144,154],
[246,205,211],
[242,214,217],
[223,201,212],
[189,186,200],
[161,179,198],
[151,181,207],
[152,183,210],
[160,191,216],
[173,201,221],
[187,213,226]],
[[191,193,194],
[215,136,133],
[226,116,113],
[216,133,131],
[199,140,138],
[169,142,141],
[150,144,146],
[149,142,154],
[124,120,121],
[130,49,54],
[88,42,46],
[77,59,60],
[112,94,98],
[119,100,100],
[67,34,31],
[76,22,26],
[73,34,31],
[112,58,58],
[176,92,100],
[210,129,131],
[216,149,150],
[210,143,150],
[227,154,160],
[243,176,175],
[242,184,190],
[230,190,201],
[203,189,203],
[179,193,211],
[183,212,232],
[190,222,243],
[201,228,244],
[210,236,248]],
[[232,217,224],
[210,103,104],
[226,81,79],
[236,118,111],
[237,134,126],
[215,129,122],
[183,105,97],
[176,86,79],
[151,96,83],
[149,52,47],
[107,40,40],
[82,44,48],
[94,51,53],
[117,67,58],
[139,69,56],
[165,72,75],
[186,105,102],
[223,129,127],
[232,108,110],
[212,77,71],
[189,64,58],
[187,74,70],
[214,102,101],
[237,131,126],
[241,138,139],
[237,149,154],
[229,165,167],
[195,168,168],
[207,218,223],
[216,245,252],
[214,241,248],
[214,241,250]],
[[213,204,213],
[232,128,126],
[244,102,94],
[235,108,94],
[232,103,90],
[229,88,80],
[215,63,55],
[192,39,22],
[170,55,39],
[176,49,36],
[171,58,51],
[168,71,70],
[185,77,81],
[203,74,76],
[221,71,72],
[224,78,81],
[231,89,86],
[232,81,76],
[222,56,52],
[203,22,14],
[212,39,30],
[212,62,52],
[224,70,65],
[223,77,71],
[220,70,67],
[212,73,70],
[218,93,85],
[203,115,104],
[211,190,187],
[223,244,244],
[214,242,244],
[214,242,249]],
[[184,178,191],
[215,116,112],
[244,106,94],
[250,119,111],
[245,104,96],
[240,89,81],
[228,68,56],
[206,45,30],
[190,42,35],
[205,47,31],
[230,61,46],
[236,75,59],
[238,95,85],
[230,94,94],
[215,62,66],
[211,27,29],
[216,19,17],
[218,13,9],
[214,12,5],
[216,10,6],
[220,19,15],
[207,27,16],
[213,19,13],
[209,24,18],
[208,22,16],
[197,18,9],
[200,25,13],
[201,57,48],
[209,155,154],
[211,222,225],
[201,228,232],
[203,231,238]],
[[182,178,191],
[166,79,77],
[198,48,36],
[227,67,60],
[241,86,79],
[251,100,94],
[249,102,93],
[242,102,93],
[234,92,92],
[222,74,59],
[241,68,55],
[236,48,21],
[230,60,30],
[229,100,80],
[227,113,113],
[225,75,78],
[219,34,28],
[234,6,4],
[220,7,3],
[221,5,9],
[223,6,10],
[213,17,10],
[216,18,8],
[212,16,4],
[206,12,1],
[203,13,2],
[205,11,2],
[191,20,12],
[202,108,108],
[207,198,201],
[187,212,216],
[187,219,227]],
[[188,195,204],
[131,73,72],
[158,20,8],
[197,22,9],
[206,33,22],
[222,55,50],
[244,84,82],
[252,113,108],
[254,118,119],
[245,113,98],
[249,94,86],
[237,54,29],
[226,30,0],
[220,45,23],
[205,116,103],
[192,121,116],
[193,69,59],
[227,27,22],
[231,7,6],
[226,2,4],
[224,4,5],
[218,9,4],
[214,13,4],
[213,16,5],
[202,15,5],
[187,14,7],
[174,15,8],
[152,17,5],
[192,69,63],
[209,147,146],
[192,185,190],
[192,222,229]],
[[207,218,227],
[136,101,102],
[147,43,33],
[189,21,4],
[194,12,0],
[194,12,6],
[207,24,21],
[217,52,46],
[232,71,71],
[249,95,81],
[254,89,84],
[246,55,44],
[230,31,8],
[227,18,6],
[185,74,57],
[188,154,144],
[185,123,119],
[160,52,42],
[208,28,17],
[233,20,9],
[214,11,1],
[216,9,3],
[215,11,8],
[195,15,12],
[183,13,23],
[152,25,28],
[102,18,10],
[100,13,3],
[182,42,30],
[209,88,82],
[212,162,166],
[213,233,241]],
[[217,231,239],
[157,145,150],
[155,89,85],
[180,24,7],
[201,14,1],
[203,8,1],
[204,5,0],
[200,10,5],
[202,13,10],
[219,35,23],
[237,67,64],
[214,45,44],
[228,43,35],
[239,50,36],
[211,30,20],
[198,118,111],
[184,171,167],
[175,150,147],
[170,89,77],
[218,73,60],
[217,69,57],
[200,17,14],
[212,7,8],
[168,13,11],
[98,10,14],
[110,43,42],
[116,32,27],
[133,13,7],
[196,23,11],
[215,80,69],
[213,165,169],
[189,207,222]],
[[208,223,232],
[174,177,183],
[163,129,127],
[184,40,21],
[215,25,7],
[221,21,7],
[220,17,3],
[215,11,3],
[209,7,1],
[209,7,1],
[172,25,19],
[92,18,8],
[150,25,22],
[224,65,54],
[231,49,27],
[204,65,46],
[220,192,183],
[231,225,232],
[204,174,182],
[177,103,108],
[213,125,123],
[223,83,83],
[207,13,11],
[164,10,3],
[97,8,5],
[120,25,22],
[167,26,22],
[187,11,6],
[206,14,5],
[199,71,66],
[169,130,142],
[165,186,209]],
[[208,221,229],
[188,196,202],
[166,148,147],
[183,48,31],
[219,32,13],
[228,29,11],
[225,28,4],
[228,23,6],
[221,20,6],
[218,17,6],
[140,12,7],
[56,20,10],
[72,27,19],
[177,25,25],
[235,41,22],
[235,36,15],
[228,115,108],
[239,223,222],
[220,193,205],
[196,133,141],
[200,104,106],
[235,111,108],
[215,44,34],
[195,15,3],
[186,10,12],
[188,12,14],
[192,14,5],
[195,14,0],
[190,22,10],
[158,38,39],
[128,75,92],
[170,184,206]],
[[218,228,235],
[204,210,215],
[171,157,157],
[176,48,34],
[208,27,10],
[220,29,9],
[217,30,2],
[221,24,3],
[216,25,4],
[220,26,10],
[130,16,13],
[69,35,35],
[82,74,69],
[151,40,39],
[222,20,8],
[238,27,8],
[220,45,32],
[235,163,149],
[231,160,157],
[207,91,79],
[204,50,42],
[218,59,49],
[225,59,48],
[214,16,9],
[204,14,4],
[203,11,3],
[203,11,1],
[183,18,3],
[142,22,9],
[112,16,11],
[138,73,77],
[196,196,205]],
[[217,227,238],
[205,209,216],
[165,153,155],
[152,51,42],
[179,25,13],
[207,27,11],
[215,28,4],
[213,26,2],
[200,31,2],
[210,26,10],
[125,15,18],
[92,74,74],
[120,115,118],
[133,85,74],
[196,30,17],
[222,26,6],
[221,29,10],
[232,86,72],
[235,107,95],
[205,37,13],
[213,19,3],
[212,16,6],
[213,28,22],
[206,16,12],
[192,16,5],
[183,18,4],
[168,17,7],
[129,14,11],
[78,14,5],
[93,19,10],
[172,100,96],
[217,209,209]],
[[211,224,238],
[204,211,219],
[137,131,135],
[92,31,32],
[115,25,19],
[162,32,22],
[204,29,19],
[215,27,11],
[198,31,0],
[208,25,8],
[126,23,24],
[118,108,107],
[105,100,106],
[108,97,86],
[165,35,22],
[223,40,11],
[218,25,5],
[217,33,25],
[224,55,48],
[213,25,11],
[211,12,3],
[205,9,4],
[200,9,6],
[195,13,8],
[165,16,13],
[133,13,10],
[95,13,9],
[64,11,11],
[56,10,4],
[107,21,19],
[200,119,123],
[225,220,221]],
[[212,228,241],
[211,222,229],
[169,169,175],
[116,90,101],
[106,87,87],
[116,71,67],
[146,40,42],
[202,38,33],
[221,31,17],
[221,20,5],
[128,38,24],
[140,138,132],
[138,131,141],
[110,109,105],
[141,45,34],
[220,56,17],
[217,30,7],
[213,18,9],
[222,43,41],
[205,24,19],
[186,12,13],
[172,11,9],
[181,14,7],
[164,15,9],
[86,14,7],
[66,11,15],
[57,10,11],
[66,11,2],
[103,4,6],
[135,31,36],
[192,138,141],
[214,213,218]],
[[217,235,244],
[217,230,235],
[213,223,228],
[197,209,220],
[185,196,207],
[164,169,177],
[129,120,123],
[141,66,65],
[207,57,55],
[237,37,30],
[148,39,28],
[132,131,123],
[155,147,158],
[151,156,160],
[164,99,93],
[204,25,3],
[222,33,12],
[205,43,28],
[178,43,37],
[165,22,17],
[109,10,8],
[105,6,2],
[160,24,19],
[122,17,19],
[40,17,3],
[41,19,6],
[73,16,5],
[117,12,5],
[142,19,26],
[161,92,97],
[185,178,179],
[202,207,217]],
[[223,239,246],
[224,237,241],
[224,237,241],
[224,244,251],
[228,238,251],
[214,230,242],
[182,220,223],
[156,167,170],
[151,97,102],
[201,61,63],
[157,41,44],
[120,114,108],
[138,131,142],
[145,153,163],
[114,70,72],
[204,9,4],
[214,20,8],
[160,30,19],
[107,7,3],
[143,15,10],
[62,9,1],
[95,12,5],
[173,30,26],
[93,10,8],
[76,11,3],
[108,14,5],
[143,18,10],
[150,25,29],
[130,75,76],
[171,162,170],
[197,200,215],
[206,216,229]],
[[231,241,247],
[230,240,245],
[233,239,245],
[239,236,246],
[227,240,246],
[217,239,243],
[215,232,240],
[210,227,242],
[185,195,206],
[156,112,114],
[103,40,49],
[136,125,124],
[161,157,164],
[149,156,166],
[88,60,62],
[195,26,21],
[206,18,8],
[154,11,6],
[134,10,12],
[177,16,16],
[106,9,4],
[148,19,18],
[192,17,20],
[131,10,3],
[150,18,21],
[164,17,35],
[146,37,49],
[135,81,89],
[165,149,159],
[195,196,216],
[203,211,233],
[208,224,237]],
[[240,244,249],
[236,241,247],
[237,241,248],
[242,239,248],
[234,244,249],
[229,242,246],
[230,234,241],
[226,231,244],
[213,231,246],
[198,205,207],
[117,106,114],
[132,117,121],
[158,158,162],
[113,117,123],
[126,101,101],
[196,39,30],
[218,22,9],
[197,17,9],
[188,35,35],
[211,34,28],
[187,20,13],
[182,22,18],
[173,20,18],
[154,29,28],
[142,44,55],
[136,72,89],
[131,120,128],
[159,166,175],
[199,194,212],
[204,210,229],
[197,221,233],
[206,228,236]],
[[246,247,251],
[242,244,249],
[240,244,250],
[237,247,251],
[245,245,252],
[245,242,250],
[235,244,245],
[234,240,244],
[228,236,247],
[226,236,240],
[194,198,205],
[127,111,116],
[158,156,157],
[142,138,141],
[159,127,127],
[172,33,28],
[200,30,22],
[197,35,27],
[189,66,62],
[182,62,54],
[176,34,30],
[155,45,39],
[129,68,62],
[125,94,101],
[137,130,139],
[158,165,173],
[175,192,200],
[192,205,222],
[192,217,228],
[196,222,231],
[198,224,231],
[204,229,236]],
[[251,251,252],
[247,247,248],
[246,248,249],
[246,250,250],
[250,249,251],
[250,248,250],
[243,247,247],
[241,246,248],
[241,245,250],
[238,242,246],
[237,240,244],
[169,161,166],
[123,114,116],
[162,148,148],
[110,82,81],
[89,24,25],
[120,49,48],
[135,65,64],
[146,93,96],
[136,103,110],
[135,101,110],
[142,126,133],
[152,157,164],
[167,183,193],
[181,202,214],
[191,212,225],
[197,216,230],
[199,217,232],
[196,222,234],
[199,224,235],
[200,223,235],
[201,227,238]],
[[253,253,253],
[250,250,250],
[250,250,250],
[250,250,250],
[250,251,250],
[250,250,250],
[248,248,248],
[246,248,250],
[246,248,251],
[245,248,250],
[245,247,249],
[224,222,225],
[145,138,139],
[111,97,96],
[84,70,69],
[94,92,92],
[130,130,130],
[150,150,150],
[166,165,167],
[175,172,183],
[180,185,196],
[184,200,210],
[193,212,222],
[204,221,231],
[204,223,235],
[200,222,236],
[197,220,235],
[197,219,233],
[197,219,233],
[198,220,234],
[196,220,233],
[196,223,234]],
[[255,255,255],
[253,253,253],
[253,253,253],
[253,253,253],
[252,252,252],
[251,251,251],
[251,251,251],
[250,251,252],
[250,251,252],
[250,250,252],
[249,250,251],
[245,248,248],
[229,229,228],
[204,198,196],
[194,190,190],
[199,209,213],
[210,221,225],
[215,225,230],
[223,232,237],
[227,230,238],
[219,229,237],
[209,228,236],
[207,228,236],
[214,230,239],
[214,232,243],
[208,228,242],
[203,225,239],
[201,224,238],
[198,221,235],
[198,221,235],
[196,221,234],
[197,224,235]],
[[253,253,253],
[250,250,250],
[249,249,249],
[249,249,249],
[247,247,247],
[247,247,247],
[247,247,247],
[247,247,247],
[247,247,247],
[247,247,247],
[246,247,247],
[244,249,247],
[244,248,246],
[249,250,250],
[250,248,250],
[248,245,249],
[245,240,245],
[245,239,244],
[243,240,245],
[234,241,245],
[223,235,241],
[211,230,236],
[210,229,236],
[219,233,241],
[218,235,244],
[211,230,242],
[205,227,240],
[201,226,239],
[198,222,236],
[196,221,234],
[195,221,233],
[198,224,235]]]