[[[166,211,229],
[161,204,225],
[156,200,222],
[150,195,219],
[146,193,219],
[147,194,222],
[146,193,224],
[139,186,219],
[132,180,215],
[128,176,212],
[128,177,213],
[129,177,213],
[127,178,213],
[122,178,214],
[121,176,212],
[121,173,211],
[126,177,216],
[135,185,217],
[147,196,222],
[155,202,227],
[162,207,230],
[169,212,233],
[173,215,232],
[174,217,233],
[172,215,232],
[170,212,229],
[168,210,228],
[167,209,228],
[165,207,228],
[161,202,226],
[155,198,224],
[145,196,222]],
[[159,207,225],
[154,200,222],
[150,195,219],
[144,190,215],
[142,189,216],
[143,191,221],
[140,189,221],
[131,182,215],
[118,173,211],
[110,167,208],
[110,166,206],
[112,168,209],
[112,171,211],
[109,171,211],
[111,171,209],
[118,174,210],
[132,184,219],
[151,197,222],
[166,208,226],
[174,214,232],
[182,220,236],
[188,224,238],
[191,227,238],
[191,226,237],
[190,225,236],
[187,222,233],
[185,220,231],
[185,221,232],
[184,219,233],
[180,214,231],
[174,210,229],
[166,209,225]],
[[155,203,224],
[150,197,220],
[146,193,218],
[141,187,214],
[139,185,216],
[139,188,219],
[133,186,218],
[121,177,211],
[103,167,209],
[92,159,205],
[91,158,203],
[93,160,205],
[96,162,207],
[100,165,207],
[108,168,206],
[124,178,211],
[143,194,221],
[165,208,227],
[180,218,233],
[187,225,237],
[194,229,240],
[199,232,242],
[200,233,241],
[200,233,241],
[199,233,240],
[197,230,238],
[195,228,235],
[195,229,235],
[194,227,236],
[190,222,234],
[186,220,232],
[180,219,229]],
[[147,198,220],
[144,194,218],
[142,191,217],
[138,186,215],
[137,182,215],
[134,183,216],
[126,181,214],
[110,171,205],
[89,159,205],
[77,152,202],
[77,151,201],
[78,153,203],
[85,157,205],
[101,164,206],
[118,176,211],
[138,189,215],
[158,203,222],
[175,218,233],
[187,227,240],
[193,232,243],
[198,234,244],
[201,236,245],
[204,237,246],
[204,237,246],
[203,237,246],
[203,236,245],
[202,236,242],
[200,235,240],
[198,232,239],
[194,228,238],
[191,226,236],
[188,226,235]],
[[143,193,219],
[141,189,215],
[139,188,215],
[137,184,212],
[133,180,211],
[128,179,212],
[116,174,211],
[100,165,205],
[78,156,204],
[68,151,203],
[71,149,201],
[77,153,202],
[93,163,207],
[115,175,211],
[136,190,219],
[158,203,223],
[175,214,227],
[184,223,235],
[190,230,242],
[195,234,244],
[198,236,245],
[201,237,246],
[204,237,245],
[205,238,246],
[206,238,246],
[206,239,247],
[205,239,245],
[203,237,243],
[201,234,241],
[198,232,240],
[196,230,239],
[194,230,239]],
[[142,189,220],
[139,186,215],
[138,185,213],
[134,181,209],
[126,176,206],
[118,174,209],
[105,168,209],
[91,160,207],
[71,155,203],
[64,150,202],
[71,149,200],
[85,158,201],
[109,174,208],
[136,189,216],
[157,205,227],
[174,216,233],
[187,223,236],
[192,229,238],
[195,232,241],
[197,234,243],
[198,235,244],
[202,237,245],
[206,237,242],
[207,238,243],
[208,239,244],
[210,241,246],
[208,240,245],
[206,239,244],
[204,237,242],
[202,235,240],
[200,233,239],
[199,232,241]],
[[143,190,219],
[139,186,215],
[137,184,214],
[129,179,210],
[117,173,208],
[108,169,208],
[96,163,207],
[85,157,205],
[73,152,200],
[72,150,199],
[83,154,201],
[103,168,206],
[130,186,213],
[157,200,220],
[174,215,232],
[185,224,240],
[191,229,243],
[196,232,241],
[198,234,241],
[200,236,243],
[201,237,244],
[202,237,244],
[207,238,243],
[209,240,245],
[209,240,245],
[211,242,247],
[209,242,247],
[207,240,245],
[206,239,244],
[204,237,242],
[203,236,242],
[202,235,244]],
[[146,194,220],
[140,187,216],
[136,182,214],
[125,176,211],
[111,171,209],
[103,166,207],
[95,163,207],
[88,158,204],
[83,154,200],
[88,156,202],
[105,166,208],
[126,182,213],
[151,199,218],
[175,211,223],
[185,220,232],
[192,227,239],
[196,230,241],
[201,234,242],
[203,237,242],
[205,238,244],
[206,240,245],
[208,241,246],
[210,241,246],
[209,240,245],
[210,241,246],
[211,242,246],
[210,242,247],
[209,242,247],
[207,240,245],
[206,239,244],
[206,239,245],
[204,237,245]],
[[149,197,221],
[142,189,218],
[136,182,216],
[124,175,212],
[110,169,206],
[104,166,205],
[102,166,207],
[98,163,205],
[98,161,205],
[109,167,211],
[128,180,217],
[149,197,220],
[168,210,224],
[186,220,232],
[196,227,237],
[206,234,241],
[214,239,244],
[212,241,245],
[210,242,246],
[212,243,248],
[213,244,248],
[214,245,250],
[212,243,248],
[211,242,247],
[212,243,248],
[212,243,248],
[211,244,249],
[210,243,248],
[209,242,247],
[208,241,246],
[207,240,245],
[203,236,245]],
[[152,200,223],
[144,191,220],
[136,183,218],
[124,174,212],
[113,170,205],
[112,169,205],
[113,171,207],
[112,170,208],
[116,172,212],
[128,179,220],
[147,193,225],
[168,209,227],
[181,219,229],
[192,227,240],
[198,228,236],
[166,188,189],
[167,182,180],
[202,226,227],
[215,247,249],
[216,246,249],
[217,247,251],
[216,248,252],
[215,246,250],
[214,245,249],
[214,245,250],
[214,245,250],
[213,245,250],
[211,244,249],
[211,244,249],
[210,242,247],
[207,240,245],
[203,236,244]],
[[154,201,222],
[143,192,218],
[134,185,217],
[124,177,211],
[119,174,207],
[123,177,209],
[128,180,211],
[130,181,211],
[136,184,216],
[148,193,222],
[166,205,227],
[183,217,230],
[190,225,234],
[197,234,245],
[185,217,219],
[76,94,89],
[77,81,75],
[121,130,129],
[200,233,232],
[220,248,253],
[224,245,254],
[216,250,253],
[216,248,251],
[217,248,250],
[216,247,250],
[216,247,250],
[216,247,251],
[214,246,251],
[213,245,250],
[212,243,248],
[208,241,246],
[201,237,242]],
[[155,203,223],
[147,195,219],
[139,189,218],
[131,183,214],
[128,181,212],
[133,185,214],
[140,189,216],
[144,192,217],
[152,196,222],
[163,204,227],
[178,214,232],
[191,224,235],
[196,229,239],
[202,238,248],
[185,216,216],
[86,104,92],
[168,170,152],
[178,177,165],
[183,209,205],
[220,252,255],
[224,246,254],
[220,250,252],
[218,250,251],
[219,250,252],
[218,249,251],
[218,249,250],
[217,248,252],
[216,247,252],
[215,246,251],
[214,244,249],
[209,241,246],
[200,237,240]],
[[156,204,224],
[151,197,220],
[146,193,218],
[142,190,217],
[142,192,218],
[147,195,219],
[151,197,219],
[156,201,222],
[165,206,226],
[174,212,231],
[185,221,235],
[195,228,238],
[199,232,241],
[207,241,249],
[186,215,214],
[78,95,79],
[175,176,146],
[234,224,199],
[201,207,198],
[221,248,251],
[221,248,252],
[223,248,248],
[220,251,252],
[219,250,253],
[219,250,252],
[218,249,251],
[218,249,253],
[217,248,253],
[216,247,252],
[215,245,250],
[210,242,247],
[199,236,240]],
[[156,203,223],
[153,199,220],
[154,197,220],
[153,198,220],
[156,203,223],
[161,206,225],
[164,207,223],
[168,209,225],
[177,213,228],
[186,220,233],
[193,227,237],
[198,232,239],
[201,235,241],
[213,245,250],
[169,196,197],
[74,88,75],
[164,163,132],
[184,167,134],
[147,127,108],
[214,219,208],
[225,249,245],
[221,247,248],
[219,250,252],
[219,250,252],
[219,250,252],
[219,250,252],
[218,249,253],
[217,248,253],
[216,247,252],
[214,245,250],
[209,242,247],
[200,237,241]],
[[155,203,223],
[155,199,219],
[161,201,221],
[163,204,223],
[167,211,227],
[172,214,229],
[174,214,227],
[178,216,228],
[186,219,229],
[193,225,234],
[197,230,238],
[200,234,240],
[204,238,240],
[216,248,248],
[158,183,188],
[47,57,53],
[120,117,95],
[184,166,135],
[130,86,57],
[183,158,125],
[225,242,225],
[218,248,252],
[219,250,252],
[219,250,252],
[219,250,252],
[219,250,252],
[218,249,253],
[216,247,252],
[214,245,250],
[213,244,249],
[209,241,246],
[199,236,240]],
[[154,200,222],
[153,198,218],
[158,202,220],
[167,209,226],
[174,215,232],
[179,218,233],
[181,220,233],
[185,223,234],
[191,226,233],
[194,228,235],
[198,233,239],
[201,237,243],
[204,240,242],
[216,249,247],
[164,187,191],
[36,44,44],
[88,85,71],
[197,186,156],
[171,136,97],
[162,124,79],
[218,218,193],
[218,249,251],
[218,249,251],
[219,250,252],
[218,250,252],
[216,250,251],
[215,247,251],
[212,244,250],
[210,242,249],
[209,240,249],
[204,237,246],
[195,233,241]],
[[161,202,223],
[159,200,218],
[163,206,221],
[173,213,228],
[184,218,234],
[187,221,236],
[188,223,234],
[190,225,235],
[193,228,235],
[197,232,238],
[200,236,242],
[203,239,245],
[205,240,244],
[214,248,248],
[174,197,199],
[43,52,50],
[60,61,48],
[168,166,136],
[226,212,171],
[163,128,81],
[195,180,147],
[223,247,243],
[217,247,250],
[219,249,251],
[217,250,251],
[213,248,249],
[211,245,248],
[209,242,248],
[207,240,248],
[204,236,247],
[199,232,245],
[191,231,243]],
[[131,163,180],
[146,176,191],
[166,196,209],
[178,207,220],
[184,213,225],
[191,221,231],
[198,228,235],
[202,232,237],
[204,235,240],
[203,235,241],
[202,234,240],
[206,238,244],
[207,240,246],
[214,247,253],
[185,210,214],
[51,65,61],
[35,42,26],
[97,100,73],
[213,203,169],
[198,168,122],
[164,141,103],
[223,235,223],
[218,247,249],
[217,248,250],
[215,249,250],
[211,247,247],
[208,242,245],
[205,238,245],
[203,236,245],
[200,232,244],
[195,229,241],
[188,227,240]],
[[147,176,191],
[136,162,175],
[107,130,142],
[121,143,154],
[143,170,179],
[151,178,186],
[155,183,187],
[170,198,201],
[173,201,204],
[191,219,223],
[210,239,243],
[210,238,243],
[208,239,244],
[210,244,250],
[206,233,238],
[89,108,105],
[25,39,24],
[36,43,21],
[118,117,88],
[211,190,147],
[156,133,93],
[179,182,167],
[222,249,251],
[214,245,247],
[212,246,247],
[208,244,244],
[205,239,242],
[203,236,242],
[201,234,242],
[198,230,241],
[193,226,239],
[186,225,237]],
[[174,211,226],
[180,211,225],
[156,182,195],
[158,183,195],
[173,201,212],
[166,195,204],
[153,182,188],
[151,180,184],
[131,155,159],
[127,150,154],
[168,193,197],
[193,217,221],
[211,239,241],
[210,247,247],
[222,253,255],
[186,210,210],
[76,94,87],
[34,44,28],
[53,59,36],
[149,140,103],
[172,155,121],
[126,130,119],
[208,236,238],
[214,245,247],
[210,243,244],
[206,242,242],
[204,238,241],
[201,234,241],
[199,232,241],
[196,228,239],
[191,225,238],
[185,225,237]],
[[171,216,231],
[175,213,228],
[188,221,236],
[192,223,236],
[191,222,234],
[194,225,236],
[197,229,237],
[195,227,233],
[194,221,226],
[182,205,210],
[155,178,182],
[113,135,139],
[115,141,141],
[149,184,179],
[167,196,196],
[193,215,217],
[146,164,162],
[50,59,48],
[38,48,30],
[87,89,61],
[144,141,114],
[142,152,141],
[174,200,199],
[215,246,247],
[206,241,243],
[205,242,243],
[203,238,241],
[201,233,240],
[198,231,240],
[195,227,239],
[191,224,237],
[185,225,237]],
[[177,218,233],
[176,215,230],
[178,216,231],
[180,216,231],
[185,217,230],
[186,218,229],
[187,220,229],
[190,224,231],
[195,228,235],
[201,231,239],
[206,234,240],
[174,200,203],
[133,158,160],
[154,180,180],
[153,173,173],
[132,146,147],
[69,79,79],
[99,106,101],
[113,124,113],
[136,148,133],
[120,135,117],
[102,119,102],
[160,177,164],
[211,241,238],
[204,244,248],
[202,244,249],
[203,239,244],
[201,234,240],
[198,231,240],
[196,228,239],
[192,225,238],
[186,225,237]],
[[178,217,232],
[175,214,229],
[176,216,231],
[179,216,231],
[183,215,230],
[184,217,229],
[186,219,229],
[188,222,230],
[190,224,233],
[193,226,235],
[197,228,235],
[206,235,239],
[215,244,247],
[217,246,251],
[223,248,252],
[207,228,230],
[132,149,150],
[125,138,135],
[131,145,138],
[183,200,191],
[213,234,221],
[119,138,122],
[109,124,110],
[202,229,224],
[207,245,247],
[203,243,248],
[204,239,244],
[201,234,241],
[199,232,240],
[196,228,240],
[192,226,239],
[186,225,237]],
[[177,216,232],
[173,212,227],
[174,214,228],
[176,213,229],
[178,213,229],
[180,215,229],
[182,217,228],
[184,219,229],
[186,222,233],
[190,225,235],
[194,227,236],
[199,229,236],
[200,232,238],
[199,235,242],
[204,238,244],
[210,242,246],
[209,238,241],
[203,227,226],
[133,155,151],
[135,158,152],
[185,208,200],
[209,230,220],
[125,142,131],
[138,160,154],
[208,238,237],
[208,242,245],
[205,239,244],
[202,235,241],
[198,231,240],
[196,228,239],
[192,225,238],
[185,225,237]],
[[175,214,229],
[171,210,225],
[170,210,224],
[171,209,226],
[173,210,228],
[175,212,228],
[178,215,228],
[179,217,228],
[182,220,232],
[186,223,235],
[191,226,235],
[196,229,237],
[198,232,239],
[197,234,243],
[200,237,243],
[202,239,242],
[203,240,241],
[211,243,243],
[209,238,238],
[197,225,224],
[154,180,177],
[158,181,176],
[212,229,222],
[98,115,106],
[148,170,165],
[219,249,250],
[205,238,242],
[203,236,242],
[199,232,240],
[195,228,239],
[191,225,238],
[185,225,237]],
[[172,211,226],
[169,208,222],
[170,208,223],
[170,209,225],
[171,209,227],
[172,210,227],
[174,213,226],
[179,218,229],
[181,220,233],
[183,221,234],
[188,225,235],
[193,228,237],
[197,230,238],
[198,232,238],
[199,236,238],
[200,238,238],
[203,242,240],
[205,243,244],
[208,243,246],
[215,248,249],
[212,240,241],
[173,197,196],
[156,172,167],
[160,173,164],
[83,98,91],
[168,193,193],
[214,245,250],
[202,235,241],
[199,232,241],
[197,229,240],
[193,226,239],
[187,226,238]],
[[154,185,197],
[149,177,188],
[150,180,192],
[155,185,198],
[155,183,196],
[155,184,196],
[152,183,194],
[157,188,200],
[158,188,201],
[177,211,222],
[186,223,232],
[192,225,233],
[196,227,236],
[195,231,239],
[197,234,239],
[198,236,239],
[201,240,240],
[205,242,245],
[207,241,245],
[208,241,245],
[212,244,247],
[219,249,251],
[164,190,189],
[151,169,161],
[118,131,122],
[82,92,91],
[206,230,233],
[206,239,244],
[199,233,240],
[199,230,240],
[197,227,240],
[189,227,240]],
[[136,155,161],
[147,161,163],
[150,166,170],
[150,170,178],
[150,171,180],
[157,178,188],
[152,175,185],
[148,171,182],
[152,177,190],
[175,207,218],
[184,222,231],
[188,224,233],
[193,225,236],
[193,229,240],
[195,232,241],
[197,234,241],
[200,238,241],
[205,240,244],
[208,241,246],
[209,242,247],
[210,243,248],
[211,244,249],
[214,247,249],
[186,211,206],
[141,156,148],
[69,74,72],
[134,153,156],
[209,242,245],
[199,235,239],
[200,232,241],
[200,228,240],
[191,227,241]],
[[141,161,168],
[135,149,151],
[127,140,143],
[135,155,162],
[143,168,179],
[150,174,184],
[160,183,191],
[166,188,197],
[162,189,201],
[177,209,222],
[183,220,232],
[185,223,236],
[188,225,238],
[191,228,239],
[194,231,240],
[196,233,240],
[199,237,240],
[205,240,244],
[208,241,246],
[209,242,247],
[209,242,247],
[210,243,248],
[209,242,246],
[222,249,249],
[169,188,185],
[121,132,131],
[187,207,209],
[208,238,242],
[202,237,242],
[200,233,242],
[199,230,241],
[190,227,240]],
[[150,185,204],
[144,171,183],
[141,166,177],
[138,165,177],
[136,163,176],
[139,163,174],
[130,151,159],
[136,156,162],
[152,176,184],
[176,204,214],
[185,217,228],
[182,221,234],
[185,225,238],
[190,226,238],
[193,230,238],
[196,233,240],
[199,237,241],
[205,239,243],
[208,241,246],
[208,241,246],
[210,242,247],
[210,244,249],
[210,244,251],
[215,244,249],
[211,233,236],
[162,181,179],
[207,227,229],
[211,239,244],
[201,236,241],
[199,235,243],
[197,230,241],
[189,227,240]],
[[145,185,208],
[145,173,188],
[142,167,179],
[146,174,187],
[149,177,191],
[144,168,179],
[138,156,164],
[132,147,152],
[134,152,154],
[140,160,164],
[162,185,193],
[184,219,229],
[182,224,235],
[188,224,236],
[191,228,237],
[195,232,239],
[198,235,239],
[203,238,242],
[207,239,245],
[207,240,245],
[208,241,246],
[209,243,248],
[208,243,251],
[211,242,253],
[216,243,250],
[183,207,206],
[163,184,186],
[212,238,244],
[200,236,241],
[197,235,242],
[195,231,241],
[188,226,238]],
[[145,183,203],
[138,168,181],
[138,165,176],
[140,171,185],
[141,176,193],
[140,171,185],
[150,175,187],
[154,176,185],
[150,174,178],
[137,158,163],
[129,152,162],
[166,194,201],
[191,222,224],
[190,224,232],
[191,228,238],
[197,232,238],
[199,235,239],
[203,238,243],
[207,239,245],
[207,241,246],
[208,241,246],
[209,243,248],
[209,243,251],
[210,242,253],
[211,241,249],
[205,234,235],
[149,168,168],
[192,214,217],
[203,237,242],
[195,233,241],
[193,230,240],
[187,225,239]]]