[[[232,236,245],
[232,236,245],
[216,220,229],
[207,211,219],
[208,213,219],
[206,211,217],
[202,207,213],
[199,204,211],
[197,203,211],
[195,201,209],
[193,199,207],
[194,198,207],
[194,197,206],
[194,197,206],
[195,198,207],
[195,198,207],
[194,198,207],
[193,199,207],
[196,202,210],
[199,205,213],
[207,211,218],
[219,222,229],
[214,216,223],
[207,209,216],
[202,205,213],
[201,204,213],
[204,206,215],
[206,209,218],
[209,212,221],
[210,213,222],
[217,220,228],
[228,231,240]],
[[218,222,232],
[221,225,234],
[210,214,223],
[199,204,211],
[199,204,210],
[196,201,207],
[191,195,202],
[187,193,200],
[183,192,200],
[180,190,197],
[179,189,196],
[181,189,197],
[185,189,197],
[186,189,198],
[186,189,198],
[189,192,201],
[174,183,188],
[123,133,138],
[124,134,140],
[95,104,110],
[82,88,96],
[181,185,192],
[210,214,222],
[202,207,214],
[196,201,208],
[194,199,206],
[196,201,208],
[200,205,212],
[206,210,218],
[209,212,221],
[214,217,227],
[221,224,233]],
[[209,213,222],
[209,213,222],
[204,208,217],
[196,200,209],
[195,199,207],
[191,195,203],
[183,187,196],
[179,183,194],
[176,181,196],
[174,179,194],
[174,178,193],
[176,180,194],
[179,182,196],
[180,183,198],
[183,186,201],
[187,191,206],
[172,183,190],
[142,154,158],
[131,140,143],
[46,53,56],
[35,39,42],
[143,146,149],
[183,186,190],
[174,177,181],
[172,175,181],
[175,178,186],
[179,182,190],
[188,190,199],
[196,199,208],
[200,202,212],
[206,208,218],
[210,212,222]],
[[199,203,212],
[198,202,211],
[196,200,209],
[192,196,205],
[191,195,204],
[189,193,202],
[184,188,196],
[181,185,197],
[180,182,199],
[180,182,199],
[178,181,198],
[174,178,197],
[172,175,198],
[170,173,193],
[167,171,186],
[163,168,179],
[151,160,170],
[138,147,152],
[131,137,135],
[96,100,92],
[107,106,100],
[139,135,131],
[148,144,141],
[147,143,139],
[146,142,140],
[145,141,140],
[145,141,141],
[147,142,142],
[147,143,144],
[145,144,147],
[146,145,149],
[148,147,150]],
[[208,212,221],
[204,207,215],
[204,207,216],
[208,212,221],
[206,211,220],
[199,204,213],
[193,197,206],
[187,191,203],
[175,180,196],
[162,167,183],
[151,154,168],
[152,151,164],
[151,150,162],
[141,144,151],
[137,141,142],
[137,138,136],
[136,135,131],
[135,132,127],
[139,133,127],
[145,135,130],
[141,134,130],
[129,125,122],
[129,125,122],
[132,128,124],
[125,120,118],
[127,121,121],
[128,122,122],
[128,122,122],
[128,123,122],
[127,124,121],
[130,127,124],
[130,127,124]],
[[218,224,233],
[212,218,227],
[206,212,221],
[196,202,206],
[180,187,188],
[159,166,167],
[148,155,156],
[141,147,146],
[136,142,141],
[136,143,143],
[134,132,125],
[126,116,103],
[135,126,116],
[150,134,128],
[139,127,122],
[120,120,113],
[114,115,109],
[116,114,109],
[119,114,110],
[125,116,114],
[129,121,116],
[126,121,113],
[134,129,121],
[140,135,127],
[139,132,127],
[136,128,127],
[131,123,122],
[130,122,121],
[127,118,117],
[127,112,113],
[125,109,110],
[122,107,107]],
[[152,158,161],
[136,142,145],
[128,134,137],
[125,128,126],
[128,131,124],
[127,130,123],
[123,126,120],
[124,122,118],
[157,153,154],
[173,174,179],
[172,169,171],
[151,140,133],
[122,105,92],
[139,112,104],
[129,105,100],
[127,116,110],
[137,122,119],
[145,125,124],
[153,129,130],
[161,133,135],
[164,136,139],
[161,132,136],
[160,132,135],
[158,130,134],
[160,127,134],
[161,122,133],
[159,120,130],
[156,118,128],
[156,115,126],
[158,109,121],
[154,104,116],
[151,101,113]],
[[144,141,135],
[144,141,135],
[148,145,139],
[149,148,144],
[153,153,151],
[124,124,121],
[100,100,97],
[123,123,122],
[133,137,140],
[121,128,135],
[107,111,119],
[142,138,142],
[147,132,132],
[116,109,105],
[121,99,102],
[150,97,111],
[156,94,114],
[153,91,111],
[155,91,112],
[152,86,108],
[149,87,105],
[153,92,110],
[145,84,103],
[151,90,108],
[149,87,107],
[147,85,108],
[140,79,99],
[143,81,104],
[142,79,104],
[143,76,97],
[144,77,97],
[146,78,97]],
[[159,155,150],
[156,153,147],
[156,153,147],
[154,154,149],
[156,157,152],
[129,130,126],
[114,115,110],
[156,161,158],
[111,122,122],
[100,108,109],
[63,67,69],
[111,111,115],
[131,130,135],
[126,125,127],
[147,125,132],
[142,89,103],
[145,88,103],
[136,82,96],
[144,89,103],
[137,82,96],
[124,73,86],
[138,91,102],
[127,79,91],
[135,87,99],
[130,84,97],
[122,79,89],
[118,77,79],
[127,86,91],
[125,83,94],
[117,76,81],
[111,70,75],
[109,69,73]],
[[156,153,148],
[154,151,146],
[154,151,146],
[152,152,146],
[156,157,151],
[144,146,140],
[134,135,129],
[160,165,162],
[115,126,127],
[98,105,107],
[76,79,82],
[121,123,127],
[136,141,144],
[145,146,147],
[158,150,152],
[92,74,75],
[99,75,71],
[102,76,71],
[100,75,69],
[100,74,69],
[77,57,58],
[69,54,50],
[82,70,56],
[69,54,49],
[58,43,47],
[62,48,44],
[85,73,57],
[91,80,60],
[91,78,62],
[90,76,59],
[71,60,45],
[55,50,39]],
[[158,154,152],
[156,155,145],
[165,166,159],
[178,182,183],
[186,192,192],
[182,188,188],
[178,183,183],
[170,176,178],
[144,152,154],
[135,142,144],
[138,142,145],
[155,159,163],
[139,146,149],
[148,151,155],
[166,164,168],
[79,74,76],
[90,82,69],
[96,81,66],
[79,55,47],
[81,49,45],
[75,48,49],
[73,49,43],
[92,64,51],
[80,56,45],
[74,50,44],
[80,47,43],
[98,62,55],
[87,60,49],
[93,80,67],
[111,103,90],
[82,77,67],
[35,33,28]],
[[160,153,153],
[175,173,162],
[188,186,187],
[177,171,182],
[164,158,162],
[156,150,154],
[144,137,141],
[146,144,149],
[168,172,178],
[171,176,181],
[170,175,180],
[153,158,163],
[144,152,155],
[153,158,162],
[185,187,192],
[122,122,126],
[113,111,101],
[118,107,97],
[70,45,43],
[48,11,15],
[74,29,34],
[82,32,36],
[81,27,31],
[88,39,38],
[90,39,38],
[90,26,30],
[95,32,38],
[94,52,53],
[121,104,98],
[134,127,117],
[97,90,84],
[33,24,22]],
[[161,155,149],
[171,164,143],
[150,139,125],
[151,141,138],
[158,152,141],
[169,163,153],
[159,153,143],
[128,120,113],
[140,130,128],
[151,141,139],
[147,137,135],
[133,124,123],
[125,119,121],
[127,124,126],
[153,153,153],
[155,157,157],
[157,156,158],
[155,149,152],
[89,76,78],
[70,50,52],
[94,67,68],
[99,74,74],
[100,79,80],
[101,75,81],
[99,69,78],
[101,74,81],
[128,107,110],
[140,129,125],
[139,135,126],
[143,137,127],
[105,98,91],
[29,21,18]],
[[113,117,115],
[176,178,164],
[185,182,174],
[198,197,201],
[202,206,210],
[177,181,183],
[170,174,174],
[174,172,167],
[141,129,115],
[137,127,106],
[138,127,108],
[141,129,120],
[105,98,96],
[119,115,113],
[119,110,110],
[120,105,108],
[155,148,157],
[161,157,167],
[137,131,139],
[139,132,139],
[156,144,154],
[154,143,150],
[155,147,151],
[157,146,156],
[139,128,140],
[110,106,113],
[137,131,135],
[149,140,141],
[141,131,129],
[144,141,131],
[112,108,97],
[61,55,38]],
[[113,123,124],
[162,169,169],
[188,189,199],
[179,181,191],
[116,119,124],
[54,57,58],
[54,59,56],
[123,126,125],
[173,176,177],
[162,164,164],
[157,160,160],
[170,171,173],
[132,131,131],
[129,131,129],
[160,156,156],
[122,107,110],
[108,92,89],
[112,96,91],
[114,98,93],
[114,99,94],
[104,89,84],
[101,87,77],
[111,96,86],
[98,81,84],
[71,61,66],
[60,58,54],
[61,55,49],
[92,83,75],
[138,129,119],
[144,143,134],
[122,118,111],
[99,92,77]],
[[159,169,170],
[120,126,125],
[130,132,140],
[119,122,127],
[50,53,51],
[55,59,54],
[58,63,55],
[59,64,56],
[137,141,139],
[162,165,170],
[151,154,156],
[165,167,163],
[125,122,125],
[119,122,124],
[162,166,168],
[158,155,158],
[143,135,129],
[137,128,119],
[140,131,122],
[141,132,123],
[140,134,122],
[135,133,114],
[139,138,116],
[88,85,73],
[63,60,54],
[66,65,59],
[62,58,50],
[84,76,66],
[125,118,107],
[124,122,115],
[120,116,115],
[114,106,104]],
[[145,151,153],
[91,99,99],
[74,83,85],
[49,56,56],
[53,54,47],
[114,113,102],
[110,112,104],
[59,63,59],
[107,109,109],
[169,171,174],
[154,156,157],
[159,161,160],
[123,124,125],
[98,101,102],
[132,136,137],
[128,130,131],
[138,136,137],
[133,131,131],
[122,119,120],
[119,117,117],
[115,108,111],
[102,93,90],
[98,90,80],
[69,59,55],
[66,59,59],
[72,69,65],
[72,69,64],
[53,49,44],
[92,87,82],
[126,124,117],
[119,115,113],
[114,109,110]],
[[116,117,117],
[94,99,98],
[76,85,82],
[45,51,49],
[60,61,53],
[108,105,93],
[100,101,93],
[59,64,61],
[67,72,68],
[107,112,107],
[99,104,100],
[92,96,92],
[78,79,76],
[53,54,51],
[63,64,60],
[74,75,71],
[123,121,113],
[118,116,106],
[88,86,76],
[88,85,76],
[67,61,59],
[29,22,24],
[18,11,13],
[33,24,27],
[65,58,58],
[86,82,77],
[93,90,85],
[48,45,40],
[87,84,79],
[143,140,133],
[119,115,111],
[122,118,117]],
[[124,121,119],
[119,120,117],
[111,115,111],
[85,91,87],
[63,64,56],
[76,73,62],
[76,77,69],
[62,67,61],
[61,66,58],
[78,83,75],
[98,103,95],
[88,91,84],
[82,80,75],
[80,78,72],
[81,79,73],
[88,86,80],
[104,102,94],
[106,103,95],
[98,95,87],
[94,92,84],
[81,79,72],
[35,32,33],
[6,3,9],
[14,11,12],
[48,45,41],
[73,70,65],
[68,65,61],
[72,69,65],
[86,83,78],
[103,100,94],
[104,101,97],
[111,107,107]],
[[124,123,127],
[113,116,118],
[104,110,111],
[94,102,99],
[59,65,59],
[58,60,54],
[62,62,58],
[53,54,51],
[67,68,67],
[75,76,74],
[76,77,75],
[73,74,72],
[71,71,70],
[71,70,69],
[70,69,68],
[69,68,68],
[68,65,65],
[70,66,66],
[70,66,66],
[70,66,66],
[72,69,68],
[69,65,66],
[64,61,62],
[68,65,65],
[76,74,73],
[88,87,86],
[92,91,91],
[101,101,100],
[111,110,109],
[117,113,113],
[119,115,115],
[121,117,118]],
[[108,108,112],
[94,97,100],
[77,85,87],
[66,75,74],
[64,71,69],
[71,73,72],
[75,75,75],
[75,74,74],
[73,73,73],
[80,80,80],
[82,81,81],
[82,82,82],
[84,84,84],
[90,90,90],
[91,91,91],
[95,95,95],
[103,99,100],
[108,103,105],
[110,106,107],
[113,109,110],
[116,112,113],
[116,112,112],
[119,115,116],
[122,118,119],
[121,118,119],
[122,122,121],
[123,123,123],
[122,122,121],
[122,122,121],
[126,122,123],
[126,121,122],
[126,122,122]],
[[118,119,124],
[112,116,119],
[110,117,118],
[111,119,119],
[108,115,117],
[108,111,116],
[111,112,116],
[112,112,115],
[113,114,115],
[114,115,116],
[112,113,114],
[110,110,111],
[111,111,112],
[114,114,115],
[114,114,115],
[116,116,117],
[120,117,118],
[121,118,119],
[120,117,118],
[121,118,119],
[120,117,119],
[120,117,119],
[119,115,117],
[117,114,115],
[118,116,117],
[118,118,119],
[118,119,120],
[124,124,126],
[125,124,127],
[126,124,126],
[126,123,125],
[124,121,123]],
[[131,133,134],
[136,139,136],
[132,136,131],
[125,130,123],
[118,121,120],
[114,116,120],
[115,118,117],
[117,118,114],
[116,116,114],
[118,117,116],
[118,117,116],
[116,115,113],
[116,113,107],
[119,117,110],
[120,117,111],
[121,118,112],
[121,118,114],
[122,119,115],
[121,117,114],
[122,119,115],
[120,116,113],
[120,117,113],
[121,118,111],
[117,115,105],
[114,113,100],
[115,116,101],
[115,117,103],
[118,119,110],
[120,120,112],
[118,116,105],
[121,119,108],
[119,116,105]],
[[136,132,117],
[130,127,108],
[125,122,100],
[118,116,93],
[122,118,101],
[125,120,109],
[126,123,105],
[127,122,102],
[123,116,100],
[123,116,100],
[128,122,106],
[128,121,103],
[127,118,96],
[134,125,103],
[133,124,102],
[131,121,100],
[129,119,103],
[138,127,113],
[141,131,117],
[140,130,117],
[140,130,112],
[138,129,106],
[139,130,103],
[132,124,93],
[126,121,84],
[125,123,82],
[123,121,83],
[117,114,80],
[122,117,86],
[132,124,94],
[138,130,100],
[142,134,104]],
[[134,125,98],
[136,128,99],
[130,124,92],
[113,108,74],
[128,121,91],
[133,126,99],
[128,122,92],
[123,115,84],
[128,118,90],
[127,117,90],
[135,125,97],
[125,114,87],
[126,111,88],
[137,121,99],
[139,124,101],
[128,114,91],
[118,106,84],
[130,119,97],
[142,129,106],
[144,129,106],
[142,130,102],
[135,125,94],
[139,129,97],
[142,132,100],
[146,135,103],
[141,128,97],
[142,129,100],
[141,128,101],
[140,126,101],
[148,133,111],
[149,134,112],
[151,136,114]],
[[136,124,98],
[137,128,100],
[124,118,90],
[110,104,73],
[117,111,79],
[118,112,80],
[124,118,85],
[119,112,81],
[120,111,83],
[124,114,87],
[134,125,97],
[110,99,73],
[115,100,77],
[134,119,96],
[142,127,104],
[134,120,97],
[120,112,89],
[128,120,96],
[138,128,102],
[138,124,97],
[139,128,95],
[136,126,91],
[137,126,95],
[140,129,101],
[143,130,105],
[144,128,106],
[145,129,107],
[145,129,107],
[145,129,107],
[141,126,107],
[147,132,113],
[148,133,114]],
[[136,123,100],
[133,124,101],
[129,123,99],
[133,124,99],
[136,124,99],
[129,117,92],
[133,121,96],
[133,122,98],
[128,117,94],
[133,123,100],
[137,126,103],
[126,115,92],
[130,115,92],
[138,123,100],
[142,127,104],
[140,125,102],
[141,127,107],
[142,130,109],
[138,129,103],
[133,127,98],
[136,127,93],
[132,121,85],
[132,121,90],
[140,128,100],
[140,128,103],
[137,126,101],
[135,123,99],
[132,121,96],
[133,121,98],
[135,120,101],
[136,121,102],
[141,126,107]],
[[131,121,99],
[127,120,97],
[130,120,98],
[137,125,104],
[137,124,104],
[131,119,98],
[134,121,100],
[136,123,103],
[138,125,106],
[139,126,107],
[137,123,104],
[134,121,101],
[132,121,96],
[135,122,97],
[138,123,99],
[136,120,96],
[139,123,101],
[144,130,107],
[136,124,99],
[132,123,95],
[125,116,85],
[118,108,76],
[125,116,86],
[136,126,98],
[140,129,101],
[132,124,95],
[120,117,87],
[112,110,81],
[120,114,88],
[131,120,97],
[134,121,99],
[133,118,96]],
[[127,118,97],
[118,112,90],
[128,115,96],
[131,118,99],
[130,120,100],
[128,117,97],
[128,117,97],
[132,120,101],
[139,124,105],
[137,122,103],
[140,124,105],
[136,123,103],
[126,116,93],
[134,122,99],
[142,126,104],
[140,122,101],
[139,123,101],
[139,124,102],
[139,124,102],
[137,122,100],
[134,119,95],
[133,118,93],
[141,127,102],
[140,125,100],
[131,120,91],
[120,119,85],
[97,106,71],
[79,88,58],
[99,101,75],
[128,119,95],
[139,128,104],
[138,122,100]],
[[122,113,98],
[114,108,92],
[131,117,104],
[135,121,104],
[131,120,100],
[133,122,102],
[129,118,98],
[130,117,98],
[140,125,106],
[142,127,108],
[144,129,110],
[141,127,108],
[129,118,100],
[131,119,101],
[144,128,111],
[142,123,107],
[137,121,104],
[138,123,106],
[144,129,112],
[141,125,108],
[137,121,102],
[137,122,101],
[140,124,104],
[143,128,107],
[129,116,93],
[108,104,76],
[81,87,59],
[73,80,55],
[96,95,75],
[125,115,96],
[136,123,105],
[143,126,110]],
[[122,115,102],
[108,104,90],
[122,111,99],
[129,116,100],
[125,114,94],
[127,116,97],
[123,112,92],
[127,115,96],
[135,120,101],
[140,125,106],
[143,128,109],
[143,130,111],
[129,118,99],
[126,113,95],
[141,125,108],
[142,124,108],
[135,116,100],
[147,129,113],
[149,131,115],
[146,128,112],
[144,126,109],
[145,128,110],
[140,122,105],
[140,122,105],
[137,119,101],
[126,110,91],
[126,114,95],
[134,121,103],
[136,121,105],
[135,118,104],
[138,121,107],
[141,122,108]],
[[117,111,93],
[105,103,84],
[116,107,91],
[124,112,94],
[125,114,93],
[122,111,92],
[121,110,90],
[128,115,96],
[138,123,104],
[140,125,106],
[135,120,101],
[132,118,99],
[125,115,94],
[128,116,97],
[139,123,105],
[141,122,105],
[138,119,102],
[148,129,112],
[147,128,111],
[144,125,108],
[146,127,110],
[147,128,111],
[144,125,108],
[145,126,109],
[146,127,110],
[141,122,105],
[141,121,105],
[140,121,104],
[138,119,103],
[140,121,107],
[141,121,107],
[137,118,104]]]