[[[63,112,198],
[66,115,202],
[64,113,200],
[63,113,196],
[74,119,192],
[95,128,180],
[119,141,166],
[144,156,157],
[155,163,154],
[152,161,153],
[154,156,143],
[149,146,128],
[148,143,129],
[146,141,135],
[140,138,140],
[125,133,148],
[95,119,157],
[74,111,173],
[63,109,192],
[53,105,195],
[49,99,183],
[43,92,172],
[40,89,172],
[39,87,173],
[42,90,177],
[43,92,175],
[41,89,170],
[36,81,163],
[34,74,149],
[25,62,131],
[23,60,130],
[18,57,133]],
[[70,120,205],
[71,122,211],
[72,118,201],
[82,122,192],
[115,140,178],
[154,160,156],
[170,170,147],
[184,180,144],
[196,192,151],
[198,196,158],
[193,193,155],
[192,192,153],
[193,190,152],
[181,176,139],
[172,166,131],
[162,154,122],
[147,142,127],
[111,125,152],
[78,112,182],
[60,106,194],
[55,103,185],
[47,95,173],
[46,94,175],
[45,93,179],
[47,94,182],
[48,95,181],
[43,91,174],
[38,83,166],
[38,80,156],
[31,69,139],
[25,63,133],
[20,60,136]],
[[71,123,208],
[75,126,213],
[88,126,193],
[116,138,174],
[148,154,150],
[180,176,139],
[193,189,152],
[211,207,177],
[229,226,206],
[232,232,219],
[223,227,207],
[218,223,198],
[218,222,197],
[211,213,184],
[200,198,166],
[191,182,142],
[174,158,116],
[136,132,122],
[109,124,157],
[79,114,178],
[62,108,184],
[54,104,182],
[49,98,179],
[50,97,184],
[49,96,187],
[47,94,184],
[44,91,179],
[42,89,173],
[44,87,165],
[37,77,148],
[27,66,137],
[21,63,141]],
[[72,126,212],
[80,130,211],
[104,135,181],
[134,136,131],
[163,150,113],
[193,179,138],
[213,204,172],
[229,226,204],
[241,244,232],
[246,250,242],
[250,247,232],
[247,243,225],
[243,242,224],
[238,236,214],
[222,217,188],
[203,193,157],
[179,167,122],
[148,136,98],
[131,130,117],
[95,117,146],
[63,109,178],
[57,110,190],
[57,105,186],
[53,101,189],
[52,99,192],
[51,97,190],
[47,94,185],
[44,92,178],
[44,89,167],
[39,81,153],
[27,68,140],
[24,67,146]],
[[78,130,218],
[96,134,204],
[117,135,146],
[134,126,87],
[172,149,103],
[200,178,140],
[213,198,164],
[227,221,192],
[238,237,216],
[248,249,233],
[249,254,239],
[250,253,244],
[244,244,237],
[231,234,216],
[221,220,195],
[208,200,171],
[184,174,137],
[151,137,94],
[126,115,77],
[101,108,108],
[66,103,163],
[61,111,193],
[63,112,194],
[55,105,196],
[53,103,199],
[53,102,194],
[53,101,189],
[47,96,181],
[42,88,167],
[40,84,157],
[26,70,144],
[25,71,152]],
[[98,138,214],
[122,137,175],
[134,131,110],
[145,129,80],
[170,148,101],
[185,163,116],
[185,168,129],
[190,180,150],
[201,194,170],
[234,229,207],
[239,243,223],
[245,245,233],
[239,230,222],
[211,206,186],
[210,201,173],
[203,185,156],
[193,176,141],
[166,147,112],
[124,104,64],
[105,97,78],
[75,96,133],
[71,113,184],
[68,116,196],
[58,109,203],
[54,108,207],
[52,105,198],
[52,104,190],
[53,102,188],
[52,99,179],
[45,90,164],
[30,75,151],
[26,75,157]],
[[116,141,186],
[138,132,119],
[150,125,86],
[164,136,91],
[173,149,97],
[168,144,91],
[123,104,72],
[82,69,55],
[111,103,88],
[204,199,176],
[249,246,226],
[252,244,231],
[204,188,178],
[126,113,100],
[129,114,96],
[169,147,118],
[184,162,123],
[166,140,108],
[132,102,64],
[125,104,70],
[102,109,109],
[82,114,163],
[68,112,190],
[61,110,203],
[55,109,209],
[51,108,204],
[52,108,198],
[57,109,194],
[56,104,183],
[47,93,169],
[34,81,158],
[29,78,163]],
[[116,138,164],
[141,132,96],
[159,130,75],
[172,143,89],
[178,152,99],
[160,129,87],
[77,52,35],
[43,26,29],
[141,130,132],
[214,208,200],
[227,226,223],
[238,233,228],
[198,185,179],
[82,72,73],
[28,16,12],
[108,85,59],
[176,149,110],
[161,132,100],
[131,98,60],
[131,105,63],
[108,106,91],
[75,103,144],
[66,109,187],
[61,110,203],
[57,112,212],
[54,112,209],
[55,112,202],
[55,108,193],
[52,102,181],
[47,95,171],
[35,83,163],
[32,83,172]],
[[102,135,185],
[124,130,132],
[151,138,95],
[165,142,92],
[175,145,104],
[178,142,105],
[122,94,71],
[145,128,119],
[219,209,208],
[127,121,122],
[61,63,71],
[113,109,107],
[214,201,191],
[169,153,157],
[57,35,31],
[103,73,40],
[177,147,108],
[168,141,107],
[132,104,62],
[121,99,63],
[78,75,78],
[35,65,117],
[49,96,176],
[60,110,204],
[60,114,214],
[61,115,209],
[60,114,200],
[54,108,190],
[52,104,182],
[45,95,171],
[34,84,166],
[32,85,177]],
[[90,135,220],
[93,119,178],
[117,126,126],
[148,134,103],
[180,149,115],
[202,170,131],
[178,154,122],
[220,205,183],
[196,184,173],
[52,43,40],
[0,0,0],
[34,24,20],
[166,148,136],
[227,208,202],
[147,119,101],
[158,123,82],
[197,167,127],
[170,143,104],
[135,109,66],
[111,96,71],
[58,63,90],
[47,83,150],
[59,110,194],
[61,115,209],
[60,116,212],
[65,119,208],
[66,119,201],
[58,114,194],
[55,106,185],
[47,94,173],
[38,85,169],
[38,90,182]],
[[88,139,234],
[89,134,221],
[108,141,189],
[145,145,133],
[190,169,126],
[215,198,163],
[209,194,173],
[217,203,193],
[151,134,127],
[71,51,44],
[31,15,12],
[64,44,46],
[155,137,136],
[218,210,198],
[190,178,151],
[185,163,124],
[210,184,142],
[173,140,99],
[131,101,65],
[88,81,72],
[42,62,105],
[58,101,178],
[65,118,205],
[61,118,211],
[61,120,213],
[67,125,210],
[68,125,204],
[62,117,195],
[58,106,186],
[53,94,176],
[45,87,173],
[46,94,183]],
[[87,139,234],
[96,146,239],
[119,160,224],
[158,169,175],
[198,188,156],
[216,210,177],
[211,205,183],
[197,187,175],
[125,107,98],
[72,48,37],
[56,34,28],
[71,46,47],
[139,116,116],
[210,202,189],
[198,192,164],
[196,182,146],
[212,196,155],
[175,153,117],
[127,110,85],
[77,82,86],
[49,78,131],
[65,110,192],
[66,118,207],
[62,117,212],
[60,117,213],
[63,120,209],
[67,123,206],
[66,119,199],
[61,108,186],
[56,96,177],
[48,90,175],
[48,97,187]],
[[95,147,241],
[96,147,245],
[106,153,231],
[142,167,199],
[189,194,184],
[214,215,189],
[207,208,186],
[190,186,169],
[173,160,146],
[128,107,94],
[107,86,75],
[128,102,97],
[175,151,145],
[192,184,168],
[194,191,165],
[214,206,174],
[209,201,168],
[178,169,144],
[131,127,114],
[73,87,99],
[66,97,151],
[74,117,198],
[70,120,208],
[63,116,212],
[59,114,212],
[61,115,209],
[69,122,209],
[70,120,201],
[64,109,185],
[58,98,176],
[45,89,172],
[45,96,189]],
[[95,148,241],
[93,147,250],
[96,149,242],
[102,142,200],
[151,167,182],
[184,186,173],
[198,200,185],
[198,198,183],
[199,192,177],
[194,181,167],
[183,174,157],
[192,177,162],
[200,181,168],
[192,186,166],
[210,210,186],
[225,221,196],
[204,202,179],
[168,166,151],
[134,137,128],
[101,114,121],
[88,109,150],
[72,109,179],
[69,118,201],
[60,113,204],
[57,111,206],
[62,115,207],
[70,120,207],
[73,121,201],
[66,109,185],
[56,98,172],
[44,89,172],
[39,93,189]],
[[92,144,238],
[89,144,250],
[92,150,250],
[95,144,219],
[136,159,190],
[158,158,157],
[164,165,158],
[195,197,186],
[210,210,196],
[209,204,190],
[199,202,181],
[199,196,175],
[210,199,179],
[211,209,186],
[201,202,179],
[197,196,176],
[181,181,167],
[162,163,156],
[148,151,143],
[124,130,127],
[99,106,126],
[78,106,157],
[67,114,187],
[56,108,193],
[51,106,197],
[60,113,201],
[70,119,203],
[73,118,197],
[67,108,177],
[59,97,163],
[50,94,171],
[39,92,189]],
[[98,147,246],
[90,147,250],
[94,154,251],
[108,155,230],
[150,173,197],
[169,175,174],
[157,160,156],
[162,164,155],
[184,183,170],
[198,193,178],
[198,195,178],
[208,203,185],
[212,206,185],
[203,201,179],
[181,181,161],
[177,177,161],
[178,182,170],
[176,182,176],
[168,171,167],
[143,144,135],
[119,116,106],
[108,111,119],
[89,111,148],
[62,105,171],
[48,102,189],
[59,110,198],
[77,121,202],
[85,123,186],
[96,122,154],
[98,116,131],
[72,98,132],
[44,87,165]],
[[97,148,249],
[87,146,243],
[93,153,245],
[116,158,229],
[160,180,197],
[182,187,179],
[170,173,163],
[174,174,163],
[189,185,173],
[200,195,182],
[216,209,195],
[213,207,189],
[200,195,173],
[194,191,169],
[195,194,174],
[208,209,193],
[213,218,205],
[205,212,205],
[190,195,189],
[160,160,149],
[132,127,107],
[128,118,95],
[118,116,112],
[90,109,135],
[67,103,159],
[66,112,184],
[80,126,197],
[101,130,173],
[130,141,145],
[133,136,117],
[94,104,107],
[59,88,139]],
[[88,143,243],
[84,143,235],
[93,153,240],
[115,158,230],
[156,175,196],
[179,180,171],
[183,183,170],
[197,195,180],
[203,199,185],
[213,208,196],
[226,219,205],
[219,213,193],
[202,198,174],
[201,199,175],
[210,209,187],
[222,222,204],
[225,228,214],
[219,224,213],
[195,200,191],
[170,173,160],
[160,158,139],
[145,140,114],
[128,122,97],
[121,116,103],
[117,122,128],
[103,124,153],
[93,122,161],
[111,126,143],
[148,149,135],
[146,140,113],
[119,122,114],
[77,99,131]],
[[84,138,238],
[85,143,233],
[95,155,243],
[111,158,241],
[146,171,206],
[174,180,185],
[179,182,176],
[196,198,181],
[207,204,185],
[213,207,190],
[217,210,192],
[213,207,186],
[205,201,175],
[203,202,175],
[208,208,185],
[224,223,204],
[228,229,214],
[219,223,208],
[201,207,193],
[188,192,177],
[178,178,162],
[152,156,140],
[127,128,106],
[128,117,87],
[145,130,102],
[148,140,123],
[133,134,129],
[126,128,120],
[152,147,125],
[141,134,112],
[103,108,111],
[55,81,121]],
[[87,137,237],
[86,141,231],
[90,151,245],
[102,155,250],
[113,146,201],
[136,151,176],
[163,174,179],
[184,191,175],
[202,202,176],
[207,202,175],
[213,206,184],
[217,211,189],
[210,206,179],
[209,208,179],
[213,213,188],
[228,227,207],
[234,233,216],
[223,227,209],
[208,214,195],
[196,201,183],
[181,182,168],
[159,157,146],
[139,132,116],
[135,123,94],
[147,133,98],
[158,146,113],
[155,148,122],
[144,142,122],
[138,134,115],
[112,113,109],
[67,86,114],
[37,77,144]],
[[88,139,236],
[86,141,232],
[86,146,240],
[99,155,251],
[93,138,215],
[110,136,184],
[154,168,179],
[177,188,174],
[196,202,181],
[207,203,179],
[210,205,181],
[214,212,189],
[215,214,188],
[213,211,187],
[216,214,192],
[228,225,206],
[227,227,210],
[221,225,206],
[211,218,196],
[204,207,187],
[179,178,161],
[160,153,138],
[150,137,117],
[145,130,97],
[155,140,102],
[152,143,107],
[154,150,121],
[154,152,129],
[137,133,122],
[86,93,112],
[45,75,131],
[37,85,169]],
[[86,143,233],
[85,142,232],
[90,147,237],
[100,158,248],
[94,146,235],
[107,141,206],
[153,165,181],
[173,180,168],
[180,188,173],
[200,197,184],
[208,205,185],
[208,210,187],
[214,214,193],
[209,207,187],
[206,201,182],
[222,218,200],
[222,223,206],
[218,222,202],
[213,218,197],
[207,209,187],
[180,177,156],
[157,152,130],
[148,138,108],
[152,135,94],
[156,137,93],
[149,136,98],
[151,146,116],
[150,148,126],
[135,131,125],
[68,82,114],
[36,75,149],
[40,92,185]],
[[85,142,230],
[86,143,230],
[91,148,236],
[97,154,241],
[93,148,236],
[93,135,207],
[130,147,175],
[169,171,166],
[176,175,162],
[185,185,176],
[198,198,184],
[201,203,185],
[203,203,185],
[201,199,181],
[198,194,176],
[211,207,189],
[216,216,197],
[216,219,199],
[211,215,193],
[199,200,177],
[178,174,151],
[165,157,127],
[147,136,96],
[150,135,89],
[156,140,95],
[158,146,112],
[154,148,122],
[141,140,119],
[128,128,121],
[74,93,125],
[38,84,161],
[31,90,193]],
[[81,139,227],
[81,138,226],
[83,140,228],
[88,145,233],
[90,146,235],
[93,143,224],
[104,136,187],
[150,161,176],
[181,180,175],
[182,182,176],
[187,188,180],
[194,194,183],
[196,195,182],
[194,191,176],
[187,182,167],
[198,192,175],
[214,213,193],
[213,215,193],
[205,208,185],
[197,196,172],
[179,173,149],
[161,150,117],
[144,131,88],
[158,143,99],
[171,158,117],
[172,162,131],
[165,159,135],
[152,151,130],
[137,137,125],
[83,102,125],
[39,84,152],
[28,85,181]],
[[75,131,224],
[75,131,224],
[79,135,227],
[81,137,230],
[85,139,228],
[91,145,230],
[87,141,216],
[105,137,181],
[167,172,181],
[183,182,177],
[176,176,171],
[184,184,178],
[187,185,177],
[177,174,162],
[159,154,139],
[166,161,143],
[213,210,190],
[211,211,188],
[196,198,173],
[195,193,168],
[177,169,144],
[144,128,98],
[147,129,94],
[168,153,117],
[175,164,130],
[176,167,138],
[171,165,142],
[162,158,137],
[150,146,126],
[98,111,117],
[52,87,132],
[44,88,159]],
[[68,126,224],
[66,124,222],
[69,127,227],
[67,126,227],
[73,129,225],
[75,134,225],
[69,138,231],
[78,128,201],
[126,142,172],
[181,179,173],
[180,175,167],
[171,169,165],
[168,167,160],
[148,144,136],
[104,98,90],
[129,122,110],
[212,208,189],
[218,216,194],
[205,204,180],
[191,187,162],
[152,142,118],
[124,108,83],
[139,123,97],
[163,149,122],
[176,165,138],
[174,166,138],
[166,160,133],
[158,153,126],
[152,147,122],
[117,124,120],
[79,103,128],
[77,107,152]],
[[71,124,208],
[67,120,207],
[68,122,213],
[67,122,217],
[80,133,226],
[87,141,228],
[85,144,230],
[85,134,218],
[104,127,179],
[177,178,172],
[201,195,178],
[153,151,146],
[111,114,113],
[86,90,94],
[56,55,63],
[99,94,95],
[204,199,183],
[220,215,195],
[209,202,183],
[174,166,147],
[109,99,81],
[96,88,70],
[117,108,89],
[150,137,116],
[172,159,132],
[166,156,125],
[154,147,113],
[154,149,114],
[141,142,119],
[102,111,108],
[83,99,115],
[91,108,138]],
[[125,151,200],
[122,149,200],
[121,149,203],
[115,145,202],
[125,150,209],
[134,157,211],
[126,157,204],
[118,147,190],
[132,146,171],
[184,181,173],
[210,201,179],
[147,143,136],
[72,78,92],
[66,77,97],
[63,72,87],
[110,113,112],
[203,199,179],
[224,218,198],
[207,201,186],
[150,144,133],
[87,80,74],
[80,75,71],
[102,95,83],
[127,115,87],
[149,133,96],
[157,140,106],
[142,127,98],
[126,118,92],
[111,112,97],
[88,96,99],
[89,101,119],
[93,105,133]],
[[156,166,193],
[155,167,194],
[155,169,197],
[151,166,195],
[149,163,196],
[148,162,196],
[139,153,174],
[129,137,140],
[145,137,125],
[170,147,125],
[180,156,126],
[142,128,115],
[97,96,111],
[100,104,125],
[106,107,113],
[153,149,134],
[197,189,162],
[213,205,183],
[194,188,175],
[113,109,105],
[90,87,90],
[97,94,103],
[103,97,93],
[126,115,86],
[155,139,98],
[158,138,105],
[137,117,97],
[109,100,85],
[115,115,108],
[113,119,125],
[114,123,141],
[113,122,147]],
[[161,171,197],
[160,172,197],
[159,173,198],
[157,171,196],
[151,168,194],
[146,165,193],
[146,157,180],
[136,136,135],
[131,117,96],
[134,107,87],
[128,102,81],
[129,116,106],
[132,129,138],
[129,126,134],
[137,122,113],
[166,143,118],
[172,153,124],
[177,163,139],
[162,152,137],
[118,114,109],
[124,122,124],
[130,129,135],
[135,130,128],
[140,130,112],
[148,134,107],
[126,110,86],
[107,93,76],
[133,125,114],
[147,146,142],
[140,144,151],
[134,141,154],
[131,138,154]],
[[166,174,202],
[165,174,202],
[164,175,201],
[163,175,201],
[160,175,194],
[159,174,192],
[162,168,199],
[158,160,176],
[152,152,150],
[154,151,154],
[158,153,158],
[158,159,165],
[153,162,170],
[148,149,150],
[144,126,114],
[140,110,88],
[149,123,98],
[140,120,99],
[135,122,107],
[148,142,134],
[155,154,150],
[157,156,154],
[164,160,156],
[166,158,153],
[157,148,139],
[138,131,117],
[138,133,118],
[161,155,146],
[160,158,155],
[152,155,158],
[145,151,159],
[141,147,155]],
[[169,180,203],
[169,179,204],
[168,180,204],
[167,179,204],
[166,178,201],
[167,178,199],
[165,174,199],
[164,171,192],
[168,177,191],
[176,184,198],
[180,187,198],
[174,182,191],
[167,175,185],
[171,175,182],
[170,167,167],
[161,152,149],
[163,155,152],
[168,161,159],
[166,162,161],
[173,173,171],
[172,175,173],
[171,173,171],
[174,174,172],
[179,178,176],
[181,178,176],
[179,177,171],
[178,177,169],
[174,174,167],
[168,169,165],
[159,163,164],
[152,157,161],
[148,154,159]]]