[[[127,120,108],
[147,139,126],
[154,144,126],
[157,149,132],
[147,137,120],
[141,130,110],
[134,125,107],
[139,135,118],
[166,163,146],
[165,163,146],
[157,156,141],
[140,136,123],
[120,114,100],
[126,119,102],
[121,111,93],
[106,96,79],
[127,117,101],
[134,124,108],
[133,125,110],
[131,126,110],
[136,128,112],
[111,102,89],
[122,116,105],
[164,161,151],
[165,164,155],
[161,160,151],
[164,162,154],
[165,165,155],
[153,155,147],
[146,147,140],
[130,131,124],
[130,129,118]],
[[117,105,87],
[107,94,76],
[112,96,73],
[115,99,74],
[115,99,76],
[103,88,65],
[113,98,79],
[133,126,110],
[166,164,146],
[169,166,149],
[175,173,155],
[169,166,148],
[142,136,114],
[141,135,113],
[146,142,125],
[134,132,115],
[141,135,118],
[133,122,107],
[153,144,125],
[172,169,150],
[174,169,151],
[140,134,116],
[141,134,117],
[161,155,136],
[175,171,149],
[170,165,143],
[169,164,143],
[170,165,147],
[173,167,148],
[172,166,145],
[175,169,149],
[161,156,138]],
[[125,115,91],
[100,91,71],
[126,117,92],
[142,135,103],
[153,149,117],
[126,121,95],
[104,94,74],
[127,120,96],
[161,156,131],
[171,167,145],
[178,175,148],
[173,168,139],
[170,164,133],
[168,164,136],
[159,152,125],
[172,166,135],
[152,140,116],
[125,106,82],
[148,134,105],
[172,167,144],
[170,167,148],
[159,154,128],
[168,162,132],
[166,159,130],
[180,173,145],
[179,174,145],
[180,174,144],
[181,174,146],
[178,172,145],
[178,172,144],
[179,174,145],
[164,160,134]],
[[154,148,116],
[143,137,109],
[161,157,129],
[182,181,147],
[181,179,144],
[173,167,134],
[143,133,104],
[154,147,119],
[153,145,114],
[173,168,145],
[180,176,150],
[172,165,132],
[173,165,131],
[177,171,140],
[162,152,123],
[152,141,116],
[124,111,96],
[112,92,71],
[138,121,101],
[158,154,138],
[150,143,123],
[141,124,97],
[149,132,103],
[156,141,111],
[174,163,135],
[185,179,158],
[190,184,166],
[190,185,169],
[173,169,152],
[177,168,144],
[187,181,158],
[164,159,137]],
[[164,159,139],
[159,152,129],
[163,155,133],
[176,170,150],
[174,168,146],
[161,154,132],
[158,149,127],
[159,155,133],
[153,145,121],
[158,153,139],
[176,172,156],
[181,176,154],
[183,177,154],
[185,178,156],
[164,158,140],
[91,85,75],
[77,72,63],
[111,103,93],
[126,115,102],
[120,107,87],
[121,103,78],
[145,126,96],
[184,174,155],
[191,183,168],
[193,188,174],
[199,196,188],
[200,195,186],
[196,192,184],
[187,186,181],
[167,160,145],
[180,178,163],
[175,172,157]],
[[119,123,121],
[122,123,113],
[144,142,123],
[154,153,133],
[143,143,126],
[128,126,113],
[148,146,129],
[143,143,126],
[142,136,121],
[150,145,137],
[176,173,157],
[180,177,158],
[182,178,157],
[180,175,152],
[171,170,149],
[143,145,125],
[97,95,79],
[100,95,86],
[102,91,80],
[106,85,64],
[145,121,90],
[185,174,153],
[196,194,184],
[198,196,190],
[201,199,195],
[199,200,192],
[199,197,189],
[193,191,183],
[187,185,176],
[144,137,120],
[131,128,113],
[170,168,153]],
[[148,147,126],
[153,152,128],
[166,163,135],
[166,164,136],
[164,165,136],
[159,160,131],
[168,168,137],
[170,172,142],
[167,166,139],
[162,157,140],
[162,160,147],
[173,171,147],
[178,178,150],
[169,168,145],
[158,154,136],
[168,162,142],
[137,126,104],
[110,105,90],
[65,66,60],
[73,64,54],
[127,112,90],
[183,177,164],
[188,185,176],
[189,181,166],
[191,183,167],
[192,187,172],
[191,182,165],
[175,161,138],
[150,133,105],
[135,122,97],
[136,131,111],
[167,164,142]],
[[171,169,139],
[170,168,138],
[174,170,142],
[175,172,144],
[176,175,144],
[174,174,142],
[174,173,141],
[176,176,146],
[176,174,144],
[152,146,121],
[125,122,112],
[140,133,116],
[141,134,117],
[113,102,89],
[113,107,99],
[116,107,94],
[134,121,90],
[173,171,138],
[135,138,114],
[100,99,77],
[100,92,70],
[116,107,90],
[143,134,120],
[142,128,105],
[137,113,81],
[149,124,91],
[140,114,81],
[96,77,52],
[104,83,57],
[138,122,96],
[153,150,126],
[165,164,137]],
[[163,160,133],
[163,160,133],
[164,160,134],
[164,161,134],
[161,160,132],
[164,163,136],
[165,164,137],
[165,163,135],
[163,161,135],
[159,156,130],
[141,134,114],
[113,98,85],
[89,76,66],
[109,88,65],
[125,107,78],
[144,134,106],
[146,140,115],
[162,160,134],
[167,166,138],
[168,165,138],
[149,143,119],
[89,83,70],
[60,58,54],
[83,77,65],
[87,77,60],
[77,68,48],
[89,78,60],
[79,77,66],
[41,39,35],
[88,78,60],
[155,148,122],
[165,162,137]],
[[160,155,126],
[157,153,125],
[161,157,129],
[160,157,131],
[160,157,131],
[164,161,132],
[167,164,137],
[168,164,138],
[164,161,137],
[160,159,136],
[136,132,122],
[91,85,88],
[99,94,88],
[117,103,87],
[111,91,64],
[162,154,128],
[171,168,148],
[166,163,142],
[166,162,145],
[169,165,147],
[167,161,139],
[153,150,129],
[72,72,67],
[112,109,97],
[154,152,132],
[140,137,116],
[152,147,126],
[151,145,123],
[60,59,53],
[53,48,42],
[121,114,97],
[149,145,125]],
[[163,158,124],
[163,157,124],
[169,162,129],
[167,161,128],
[170,163,130],
[172,164,130],
[168,161,130],
[167,159,131],
[165,159,129],
[164,159,135],
[111,106,103],
[83,77,75],
[98,91,82],
[89,80,66],
[78,67,55],
[130,125,116],
[155,151,136],
[173,160,135],
[188,181,167],
[187,182,171],
[181,173,157],
[174,169,149],
[109,106,96],
[118,116,101],
[152,148,126],
[156,150,129],
[160,155,134],
[147,143,122],
[106,101,87],
[71,66,58],
[99,94,82],
[147,144,126]],
[[164,153,117],
[170,158,120],
[172,161,124],
[171,163,128],
[170,162,130],
[172,165,132],
[166,160,129],
[155,148,124],
[163,154,128],
[120,116,103],
[73,68,66],
[82,71,60],
[68,59,48],
[76,64,50],
[83,69,56],
[111,104,95],
[139,125,104],
[177,153,120],
[193,183,170],
[196,194,185],
[200,199,192],
[196,193,184],
[137,134,120],
[150,146,128],
[181,176,158],
[173,168,150],
[172,168,150],
[163,161,143],
[123,118,101],
[112,106,91],
[131,126,109],
[170,165,144]],
[[171,165,143],
[175,169,144],
[177,170,146],
[179,173,151],
[177,172,150],
[174,170,149],
[175,171,150],
[177,172,154],
[181,177,157],
[133,129,119],
[87,78,69],
[60,50,40],
[48,38,29],
[66,53,40],
[55,46,40],
[95,86,76],
[146,128,103],
[180,162,132],
[196,192,182],
[198,199,195],
[201,204,204],
[200,203,202],
[174,173,166],
[167,161,146],
[183,177,159],
[180,174,156],
[184,178,160],
[171,164,146],
[131,125,107],
[138,132,115],
[151,144,126],
[181,175,155]],
[[175,170,152],
[176,172,154],
[173,168,152],
[175,170,153],
[176,171,154],
[175,170,152],
[176,172,154],
[180,176,157],
[183,180,160],
[180,177,158],
[174,166,149],
[105,99,87],
[30,26,21],
[42,37,34],
[41,42,46],
[65,61,61],
[141,124,101],
[180,164,136],
[189,189,181],
[193,194,191],
[198,204,206],
[199,206,209],
[194,196,194],
[178,176,164],
[180,174,155],
[181,175,156],
[187,182,164],
[148,140,122],
[150,141,122],
[138,132,115],
[154,148,130],
[187,182,163]],
[[170,166,147],
[173,169,151],
[173,169,152],
[175,171,154],
[178,174,156],
[177,172,153],
[175,171,152],
[177,173,155],
[182,177,159],
[177,174,155],
[180,178,159],
[149,147,132],
[39,39,40],
[25,28,35],
[37,40,47],
[51,49,52],
[107,89,70],
[161,145,116],
[184,185,176],
[188,190,185],
[188,194,195],
[187,195,196],
[190,192,189],
[179,178,164],
[168,165,143],
[170,167,146],
[171,170,151],
[142,139,120],
[160,157,136],
[145,142,125],
[159,155,136],
[170,168,149]],
[[149,148,126],
[148,145,125],
[144,141,120],
[150,148,128],
[155,153,134],
[160,159,138],
[161,159,138],
[161,159,138],
[164,161,141],
[160,158,138],
[147,148,129],
[133,137,123],
[57,57,57],
[29,30,35],
[34,36,41],
[52,49,51],
[79,68,58],
[140,119,94],
[182,180,169],
[183,187,184],
[178,183,180],
[177,182,181],
[180,179,172],
[172,169,151],
[167,164,139],
[172,169,145],
[171,169,148],
[172,170,149],
[170,169,147],
[172,169,148],
[171,169,148],
[167,164,143]],
[[147,146,122],
[144,141,118],
[142,140,114],
[150,147,121],
[151,147,122],
[155,153,128],
[161,160,136],
[160,160,135],
[162,160,135],
[163,163,138],
[153,155,131],
[156,155,131],
[86,84,74],
[30,31,37],
[32,34,38],
[44,44,46],
[56,51,47],
[124,106,85],
[179,174,161],
[178,181,176],
[168,168,158],
[169,170,164],
[166,162,148],
[171,167,144],
[178,176,150],
[177,174,147],
[175,172,145],
[174,172,145],
[176,173,144],
[178,173,147],
[178,173,150],
[178,174,149]],
[[170,168,139],
[169,167,136],
[173,172,139],
[174,173,141],
[173,172,139],
[173,172,139],
[178,176,144],
[171,170,137],
[172,169,137],
[180,177,145],
[178,176,141],
[183,177,135],
[137,129,100],
[32,33,36],
[20,24,26],
[30,31,32],
[36,37,36],
[120,107,87],
[172,167,148],
[164,164,154],
[160,154,137],
[157,149,130],
[150,138,114],
[175,168,137],
[183,180,147],
[180,177,143],
[181,178,144],
[175,173,139],
[180,176,144],
[182,178,146],
[181,177,144],
[181,177,142]],
[[174,171,145],
[174,171,146],
[180,177,150],
[177,175,148],
[174,172,146],
[176,174,149],
[180,177,148],
[179,176,148],
[178,175,150],
[184,180,154],
[183,179,149],
[184,181,148],
[176,166,134],
[69,63,52],
[16,21,24],
[13,18,21],
[16,18,18],
[105,93,75],
[149,140,115],
[134,129,113],
[141,129,107],
[110,95,71],
[103,93,73],
[176,172,137],
[184,180,147],
[184,180,150],
[182,179,146],
[181,177,143],
[184,181,149],
[181,178,146],
[180,177,144],
[180,176,143]],
[[174,169,147],
[171,167,143],
[174,169,144],
[176,171,145],
[172,167,141],
[171,167,142],
[172,168,143],
[169,166,141],
[170,169,145],
[174,171,149],
[172,168,147],
[174,171,150],
[183,176,152],
[97,86,69],
[25,23,21],
[40,36,31],
[49,43,35],
[62,53,42],
[69,60,50],
[65,59,49],
[71,59,43],
[26,20,16],
[91,88,78],
[178,176,151],
[172,169,143],
[177,173,149],
[174,170,144],
[173,170,141],
[171,169,145],
[171,170,146],
[173,170,145],
[172,169,143]],
[[161,158,136],
[160,157,134],
[168,165,140],
[166,162,137],
[164,160,133],
[160,158,133],
[156,154,133],
[157,155,134],
[165,163,141],
[166,163,141],
[167,163,142],
[167,164,142],
[169,168,146],
[94,92,82],
[17,16,13],
[63,53,39],
[75,59,41],
[26,20,16],
[8,11,14],
[31,31,34],
[36,36,35],
[18,20,23],
[127,126,112],
[169,168,145],
[164,163,137],
[166,164,142],
[163,162,138],
[160,160,137],
[158,157,137],
[162,161,141],
[165,163,142],
[163,162,138]],
[[158,156,133],
[162,159,136],
[164,161,138],
[165,163,142],
[167,165,142],
[164,162,139],
[166,163,141],
[167,164,143],
[173,169,146],
[171,166,142],
[170,166,140],
[169,165,138],
[181,178,151],
[117,116,102],
[9,13,16],
[47,47,42],
[112,107,92],
[77,75,66],
[16,20,20],
[16,20,22],
[14,18,19],
[62,62,56],
[165,161,139],
[167,165,140],
[165,163,139],
[163,162,140],
[164,164,139],
[164,162,137],
[165,162,137],
[168,166,140],
[165,162,137],
[163,160,134]],
[[158,157,133],
[163,160,136],
[169,165,140],
[166,163,137],
[166,164,138],
[166,164,138],
[167,163,135],
[166,162,133],
[167,163,136],
[169,164,138],
[166,160,132],
[164,157,128],
[176,169,142],
[151,147,126],
[44,46,48],
[74,75,71],
[182,178,150],
[150,147,123],
[39,42,39],
[50,51,50],
[32,29,25],
[109,105,88],
[173,166,136],
[168,164,136],
[163,159,133],
[163,160,133],
[166,163,135],
[168,162,132],
[169,162,131],
[172,168,138],
[163,159,130],
[162,158,129]],
[[157,154,125],
[162,158,131],
[164,161,135],
[159,155,128],
[163,159,132],
[163,160,133],
[162,157,129],
[161,157,129],
[166,163,135],
[169,164,138],
[171,165,137],
[165,160,130],
[164,157,129],
[170,163,132],
[86,85,81],
[81,81,77],
[172,167,137],
[150,146,121],
[66,66,58],
[122,120,106],
[59,56,49],
[118,114,94],
[167,163,134],
[165,162,134],
[171,166,136],
[169,163,132],
[164,159,128],
[160,154,124],
[162,155,127],
[163,157,129],
[163,156,127],
[160,155,125]],
[[146,143,116],
[158,153,124],
[162,155,127],
[156,150,121],
[168,162,136],
[167,162,138],
[167,163,135],
[162,158,131],
[162,159,129],
[162,158,129],
[168,164,134],
[169,164,135],
[161,157,129],
[167,163,133],
[98,99,93],
[89,92,86],
[170,166,136],
[143,138,113],
[65,64,56],
[134,132,112],
[85,82,74],
[127,122,103],
[165,159,127],
[164,158,126],
[158,151,119],
[160,151,118],
[166,155,121],
[154,142,110],
[156,146,117],
[168,157,123],
[168,156,121],
[164,151,116]],
[[146,148,124],
[148,148,123],
[159,154,126],
[160,155,126],
[161,157,128],
[161,157,127],
[164,158,129],
[168,161,130],
[167,160,128],
[167,161,128],
[164,157,127],
[165,159,133],
[159,155,129],
[165,159,128],
[95,94,85],
[90,89,86],
[163,156,128],
[135,130,104],
[47,46,40],
[133,127,103],
[105,98,84],
[131,123,101],
[167,158,122],
[160,149,116],
[162,150,116],
[160,149,116],
[162,152,118],
[164,152,115],
[162,148,110],
[162,146,108],
[165,151,113],
[166,150,110]],
[[162,158,131],
[159,156,128],
[154,152,123],
[157,152,122],
[169,163,132],
[167,160,130],
[163,156,125],
[163,158,127],
[167,162,133],
[168,163,133],
[166,159,129],
[163,157,128],
[160,156,127],
[173,163,130],
[107,103,88],
[91,90,78],
[163,154,124],
[156,149,119],
[91,88,77],
[145,138,114],
[107,103,90],
[133,126,105],
[174,164,127],
[170,162,131],
[172,163,133],
[170,161,130],
[172,164,130],
[173,165,132],
[170,161,122],
[167,155,119],
[171,159,124],
[172,161,125]],
[[162,152,121],
[160,152,122],
[155,151,123],
[157,154,126],
[168,161,132],
[169,163,133],
[166,162,131],
[161,157,131],
[166,161,133],
[170,163,133],
[171,165,134],
[166,160,128],
[167,160,126],
[177,168,133],
[122,120,103],
[109,108,93],
[174,166,133],
[179,170,137],
[115,111,93],
[137,133,111],
[100,98,87],
[131,125,105],
[175,166,129],
[169,162,127],
[171,165,134],
[166,160,129],
[163,159,128],
[168,163,133],
[167,162,130],
[166,162,131],
[167,162,128],
[166,160,126]],
[[162,154,123],
[159,151,117],
[158,150,118],
[163,156,127],
[163,156,126],
[162,153,122],
[164,154,120],
[164,155,124],
[172,163,129],
[169,159,125],
[165,160,127],
[164,158,126],
[166,160,129],
[174,167,133],
[119,117,102],
[120,116,98],
[179,169,136],
[182,174,142],
[119,116,98],
[108,104,88],
[83,78,73],
[125,120,102],
[166,161,130],
[158,153,122],
[164,160,129],
[165,160,130],
[162,157,127],
[169,164,131],
[168,162,130],
[168,167,136],
[165,164,132],
[159,156,124]],
[[160,154,126],
[160,156,127],
[157,153,124],
[161,153,122],
[167,159,127],
[163,155,122],
[166,156,122],
[165,155,123],
[164,155,123],
[165,156,124],
[165,158,125],
[165,158,127],
[161,154,125],
[167,159,125],
[105,104,92],
[117,113,99],
[171,163,131],
[174,165,131],
[109,102,82],
[57,50,42],
[71,61,53],
[112,104,87],
[170,162,131],
[169,162,131],
[172,164,131],
[171,163,128],
[165,156,122],
[162,153,119],
[159,155,123],
[161,157,123],
[161,156,124],
[161,154,121]],
[[151,147,119],
[151,147,119],
[160,154,125],
[163,155,124],
[161,152,121],
[161,153,121],
[166,159,126],
[162,155,124],
[153,147,117],
[152,146,116],
[153,149,121],
[156,150,120],
[157,149,114],
[160,149,114],
[104,93,82],
[110,100,85],
[153,146,116],
[154,146,113],
[105,95,75],
[43,36,35],
[67,64,62],
[116,110,91],
[164,155,121],
[160,152,119],
[154,145,113],
[158,150,118],
[161,155,123],
[150,145,117],
[145,141,116],
[157,151,119],
[156,149,119],
[162,155,123]],
[[154,149,120],
[154,147,117],
[162,156,126],
[163,158,130],
[152,147,120],
[153,149,122],
[157,152,125],
[155,150,120],
[153,148,120],
[148,142,116],
[145,141,115],
[147,143,114],
[152,144,113],
[136,130,107],
[83,74,73],
[111,99,82],
[151,144,114],
[149,141,111],
[121,116,96],
[80,81,77],
[105,106,93],
[135,131,105],
[144,140,110],
[140,137,111],
[143,139,109],
[147,142,109],
[152,146,114],
[150,143,114],
[143,138,108],
[150,142,113],
[154,147,116],
[156,148,116]]]