[[[57,124,177],
[57,122,170],
[57,123,174],
[59,123,179],
[62,125,178],
[61,128,178],
[62,129,179],
[61,129,178],
[59,132,180],
[61,132,183],
[61,132,183],
[62,133,184],
[62,133,184],
[63,134,185],
[63,134,185],
[63,134,185],
[64,136,186],
[65,136,187],
[65,135,188],
[64,135,188],
[64,136,188],
[63,138,189],
[61,139,190],
[64,137,190],
[64,137,190],
[64,136,189],
[67,134,184],
[67,134,182],
[67,134,183],
[69,131,184],
[65,131,189],
[63,132,18]],
[[60,128,176],
[57,128,174],
[57,129,178],
[60,129,183],
[67,128,187],
[68,130,186],
[64,134,184],
[60,136,180],
[62,136,182],
[65,136,186],
[65,136,186],
[66,136,187],
[66,137,187],
[67,137,188],
[67,138,188],
[67,138,188],
[67,138,189],
[68,138,188],
[70,138,187],
[68,138,189],
[65,140,192],
[64,141,194],
[64,140,192],
[66,141,191],
[64,142,195],
[65,142,193],
[74,139,180],
[80,135,170],
[77,135,177],
[71,136,188],
[69,136,190],
[69,135,187]]
,[[63,133,179],
[60,133,178],
[62,133,179],
[64,134,182],
[63,136,188],
[70,134,190],
[63,137,189],
[63,139,191],
[71,136,190],
[70,138,188],
[70,138,188],
[71,139,189],
[71,140,189],
[71,139,189],
[71,139,188],
[71,139,189],
[72,140,190],
[72,140,189],
[75,140,186],
[72,141,189],
[69,143,195],
[70,142,194],
[74,141,188],
[72,142,188],
[66,143,194],
[69,143,191],
[85,138,169],
[83,119,138],
[79,125,158],
[71,140,191],
[71,139,188],
[74,138,18]],
[[66,136,184],
[64,136,181],
[70,134,176],
[79,135,171],
[84,135,165],
[90,129,169],
[73,139,182],
[66,142,192],
[76,138,194],
[74,141,189],
[74,141,189],
[74,142,190],
[75,142,190],
[74,142,189],
[74,141,189],
[74,142,189],
[77,144,192],
[77,144,191],
[79,144,187],
[76,144,190],
[75,145,194],
[83,143,188],
[90,140,177],
[84,141,181],
[76,146,194],
[79,144,190],
[90,125,145],
[87,99,103],
[86,120,145],
[71,144,193],
[73,142,187],
[79,141,18]],
[[70,139,189],
[69,138,183],
[78,134,173],
[106,144,171],
[141,145,155],
[125,120,141],
[91,135,160],
[69,148,183],
[76,143,193],
[78,143,192],
[78,143,191],
[79,144,191],
[78,145,192],
[79,145,193],
[80,146,193],
[80,146,193],
[81,147,195],
[82,147,194],
[82,148,191],
[80,149,194],
[81,147,194],
[98,148,184],
[120,153,179],
[101,143,174],
[88,144,186],
[92,145,184],
[94,112,123],
[96,90,84],
[96,125,145],
[74,149,198],
[78,146,188],
[84,144,18]],
[[73,143,186],
[75,141,180],
[78,139,175],
[100,143,172],
[160,151,162],
[156,131,135],
[124,122,132],
[88,143,169],
[80,148,195],
[79,147,195],
[84,147,189],
[86,147,188],
[84,149,193],
[84,149,195],
[86,150,194],
[87,150,194],
[88,150,193],
[90,151,193],
[87,152,197],
[84,154,202],
[90,152,197],
[107,149,180],
[143,163,178],
[143,158,169],
[122,141,161],
[109,134,153],
[99,106,107],
[97,91,87],
[96,132,156],
[83,153,201],
[87,149,190],
[91,147,185]],
[[78,146,185],
[80,144,181],
[81,145,181],
[85,143,175],
[128,148,163],
[154,143,142],
[149,131,126],
[126,126,142],
[103,142,175],
[90,151,193],
[90,152,195],
[91,153,196],
[93,154,196],
[92,154,196],
[93,154,197],
[95,155,196],
[97,154,194],
[99,155,193],
[100,155,193],
[97,157,199],
[97,158,202],
[105,156,195],
[119,154,180],
[155,166,172],
[161,159,164],
[119,123,126],
[93,93,88],
[92,90,91],
[102,138,164],
[90,159,200],
[90,155,193],
[96,152,191]],
[[86,149,192],
[86,146,186],
[90,148,186],
[90,152,187],
[99,150,171],
[139,152,156],
[162,151,141],
[166,134,134],
[125,130,141],
[106,151,180],
[97,157,200],
[94,159,206],
[102,159,199],
[104,159,196],
[102,160,200],
[105,160,199],
[106,160,197],
[109,161,196],
[111,159,191],
[108,160,195],
[105,163,205],
[110,165,209],
[115,162,197],
[132,151,164],
[143,137,138],
[126,119,112],
[114,112,104],
[114,112,117],
[118,144,166],
[99,163,194],
[91,163,196],
[101,158,199]],
[[94,152,193],
[94,149,189],
[98,151,189],
[101,155,193],
[95,155,188],
[121,151,167],
[163,156,155],
[174,165,153],
[154,152,148],
[123,147,163],
[111,159,194],
[105,163,207],
[112,162,199],
[113,162,196],
[111,164,200],
[113,164,200],
[115,165,198],
[117,165,197],
[115,165,199],
[116,167,202],
[120,167,200],
[123,161,190],
[121,151,174],
[119,133,143],
[139,130,129],
[161,151,141],
[154,154,148],
[159,160,168],
[139,153,168],
[117,162,180],
[103,167,195],
[108,162,203]],
[[103,156,193],
[104,154,189],
[108,157,191],
[105,149,183],
[112,154,182],
[123,150,166],
[155,154,160],
[154,166,156],
[175,178,171],
[162,169,174],
[129,155,174],
[123,163,194],
[123,167,201],
[121,168,201],
[120,169,201],
[123,170,201],
[126,171,201],
[127,171,199],
[127,171,199],
[126,164,189],
[134,160,177],
[157,170,179],
[170,175,179],
[172,175,175],
[168,161,163],
[143,145,145],
[161,171,174],
[184,189,198],
[164,165,169],
[142,153,160],
[128,165,192],
[119,165,204]],
[[112,162,194],
[113,160,189],
[118,164,193],
[109,152,174],
[119,141,149],
[146,154,159],
[148,153,155],
[171,170,169],
[188,187,183],
[182,178,177],
[159,164,169],
[139,160,177],
[133,170,200],
[125,171,204],
[125,170,201],
[131,174,202],
[135,175,201],
[132,170,193],
[137,162,174],
[162,175,181],
[194,200,201],
[210,209,207],
[190,186,182],
[147,141,135],
[123,121,126],
[137,155,167],
[156,179,191],
[174,184,194],
[189,183,181],
[176,160,161],
[144,154,179],
[133,168,203]],
[[124,168,194],
[123,165,190],
[127,170,195],
[123,161,178],
[112,118,115],
[155,148,150],
[163,173,175],
[158,160,162],
[183,176,175],
[186,180,174],
[176,171,166],
[150,156,160],
[139,158,176],
[137,171,199],
[137,176,203],
[142,173,192],
[142,163,174],
[153,166,172],
[193,195,194],
[221,216,213],
[204,199,195],
[156,151,147],
[117,112,108],
[122,123,123],
[145,160,171],
[152,185,205],
[145,180,201],
[153,176,194],
[173,180,188],
[189,181,184],
[165,162,174],
[148,160,181]],
[[135,173,196],
[133,170,192],
[134,172,195],
[135,169,188],
[129,142,149],
[153,155,167],
[160,179,188],
[145,161,167],
[164,162,165],
[179,176,172],
[181,177,171],
[181,180,179],
[159,164,172],
[146,165,180],
[146,171,187],
[157,173,182],
[186,192,193],
[216,214,210],
[204,197,193],
[158,150,148],
[130,126,124],
[126,125,126],
[151,151,155],
[170,180,190],
[163,187,203],
[153,187,209],
[154,187,210],
[159,184,207],
[161,181,198],
[173,181,190],
[177,179,188],
[157,165,181]],
[[146,178,198],
[145,176,195],
[145,176,195],
[149,179,198],
[142,165,182],
[126,141,159],
[151,169,182],
[150,163,170],
[150,154,158],
[164,166,164],
[200,198,195],
[199,195,193],
[168,167,168],
[154,158,161],
[183,189,191],
[213,214,214],
[209,207,203],
[173,168,163],
[139,132,128],
[129,124,123],
[151,152,155],
[173,180,188],
[180,191,204],
[175,190,208],
[168,191,210],
[163,191,211],
[166,189,209],
[169,188,209],
[167,189,209],
[170,185,200],
[172,184,198],
[164,181,201]],
[[157,180,196],
[156,179,195],
[158,181,196],
[158,180,196],
[162,182,197],
[134,149,159],
[125,130,135],
[157,155,155],
[160,162,159],
[153,158,156],
[175,172,172],
[170,162,161],
[177,170,166],
[220,213,206],
[233,224,217],
[188,180,173],
[127,118,112],
[119,111,105],
[151,144,141],
[180,178,179],
[191,196,203],
[185,197,210],
[178,195,212],
[179,196,217],
[179,198,216],
[175,195,210],
[178,192,208],
[179,192,210],
[173,193,213],
[174,192,209],
[174,191,207],
[169,189,208]],
[[169,184,197],
[167,183,195],
[169,185,197],
[171,184,198],
[177,189,199],
[154,165,166],
[125,118,116],
[175,163,159],
[188,189,181],
[152,155,149],
[170,164,165],
[208,198,200],
[223,216,211],
[202,194,186],
[154,143,137],
[110,101,95],
[97,88,84],
[141,133,129],
[198,195,194],
[199,200,204],
[193,199,207],
[190,201,212],
[189,202,216],
[189,203,217],
[189,203,214],
[189,202,209],
[188,199,209],
[187,197,212],
[185,197,211],
[183,197,209],
[181,197,209],
[177,195,207]],
[[180,191,201],
[178,188,198],
[179,189,199],
[181,189,200],
[183,192,203],
[174,188,189],
[172,165,164],
[175,166,168],
[168,174,167],
[194,193,184],
[219,211,211],
[208,198,201],
[166,160,157],
[122,118,113],
[113,106,104],
[123,117,114],
[148,141,139],
[166,159,157],
[200,200,202],
[201,204,210],
[200,205,211],
[200,207,214],
[199,207,216],
[200,208,215],
[200,209,211],
[200,209,209],
[195,207,212],
[194,204,213],
[198,202,209],
[194,202,209],
[192,202,209],
[189,201,205]],
[[189,196,206],
[184,193,205],
[186,194,203],
[193,198,205],
[194,199,209],
[179,186,191],
[162,159,161],
[180,176,176],
[217,218,214],
[226,223,217],
[171,160,160],
[124,112,114],
[119,114,111],
[120,117,114],
[152,147,146],
[188,183,181],
[190,185,182],
[174,168,166],
[196,194,196],
[210,211,214],
[207,211,212],
[207,213,214],
[206,213,214],
[208,213,215],
[209,213,214],
[208,213,214],
[206,212,215],
[205,210,214],
[206,207,212],
[203,206,211],
[201,206,210],
[199,204,208]],
[[198,198,208],
[195,194,208],
[199,198,209],
[194,193,198],
[172,172,178],
[174,174,177],
[205,202,201],
[219,215,210],
[195,190,185],
[151,144,142],
[130,117,117],
[149,138,138],
[157,154,151],
[160,158,154],
[194,188,185],
[188,183,180],
[179,174,171],
[164,159,157],
[165,162,162],
[204,203,203],
[216,218,217],
[212,218,216],
[211,219,217],
[214,217,218],
[215,216,219],
[215,216,219],
[213,215,217],
[211,213,216],
[211,212,217],
[210,211,216],
[208,209,214],
[207,208,213]],
[[205,200,207],
[207,201,210],
[197,192,199],
[166,164,166],
[190,188,188],
[209,207,204],
[196,193,187],
[154,150,141],
[127,120,113],
[148,137,136],
[188,177,177],
[215,207,205],
[202,201,197],
[159,157,154],
[179,174,171],
[180,176,173],
[173,168,165],
[183,178,175],
[166,164,162],
[170,171,170],
[211,212,210],
[221,224,222],
[219,222,220],
[220,222,222],
[221,221,223],
[220,221,222],
[218,219,220],
[217,217,219],
[217,218,220],
[216,216,219],
[214,215,218],
[213,214,217]],
[[209,208,207],
[202,198,198],
[126,126,125],
[126,129,127],
[175,172,167],
[147,143,136],
[119,115,107],
[116,114,102],
[165,158,151],
[216,203,203],
[231,222,220],
[209,204,201],
[200,198,194],
[186,183,180],
[158,153,151],
[173,168,165],
[183,178,175],
[196,191,188],
[176,175,171],
[161,161,157],
[179,180,176],
[223,223,219],
[226,226,223],
[225,224,224],
[226,226,226],
[225,225,225],
[223,223,222],
[221,221,221],
[221,221,220],
[220,220,219],
[218,218,217],
[217,216,216]],
[[221,217,211],
[146,137,131],
[54,50,45],
[73,75,70],
[106,100,95],
[125,118,112],
[154,148,142],
[194,190,183],
[226,221,216],
[231,223,221],
[229,225,222],
[209,205,202],
[168,159,158],
[190,181,180],
[154,149,146],
[151,146,143],
[175,170,167],
[182,177,174],
[176,176,171],
[173,174,169],
[160,159,155],
[184,181,178],
[227,223,220],
[229,227,225],
[228,228,226],
[228,227,226],
[227,226,224],
[226,225,223],
[225,225,221],
[224,223,220],
[222,221,217],
[220,220,216]],
[[209,191,187],
[114,88,83],
[91,72,68],
[114,104,102],
[146,135,133],
[191,181,178],
[219,212,209],
[228,224,221],
[228,225,222],
[228,226,222],
[229,229,225],
[215,210,207],
[139,123,124],
[141,128,128],
[169,164,161],
[189,184,181],
[174,169,166],
[169,164,161],
[176,176,171],
[164,166,160],
[170,169,163],
[175,170,166],
[198,189,187],
[233,228,225],
[231,229,226],
[232,229,227],
[231,229,227],
[230,228,224],
[230,228,223],
[228,226,221],
[227,225,220],
[226,224,219]],
[[202,181,181],
[136,107,108],
[153,130,131],
[186,173,173],
[217,207,205],
[232,222,221],
[232,224,222],
[230,223,221],
[231,226,224],
[230,226,223],
[234,230,227],
[205,198,196],
[151,139,139],
[160,149,149],
[220,212,211],
[191,183,181],
[207,199,197],
[174,166,164],
[162,159,157],
[153,156,152],
[170,172,166],
[185,176,172],
[163,136,135],
[211,186,177],
[236,236,227],
[233,227,230],
[236,227,230],
[235,227,225],
[232,227,224],
[231,227,223],
[230,226,222],
[230,225,221]],
[[227,211,212],
[222,202,204],
[225,209,210],
[227,218,217],
[230,222,220],
[231,222,220],
[231,223,221],
[232,224,222],
[233,225,223],
[233,225,223],
[234,226,224],
[232,225,223],
[214,207,205],
[223,214,213],
[244,234,233],
[185,175,174],
[172,163,162],
[170,161,160],
[131,124,125],
[149,150,148],
[174,177,171],
[186,177,173],
[183,156,153],
[178,136,127],
[223,194,188],
[233,232,227],
[233,229,228],
[234,230,228],
[233,228,225],
[232,227,224],
[231,226,223],
[230,225,222]],
[[226,216,215],
[228,216,216],
[226,216,215],
[224,217,215],
[228,220,218],
[231,223,221],
[231,223,221],
[231,223,221],
[233,225,223],
[234,226,224],
[235,227,225],
[237,230,228],
[228,220,218],
[224,216,214],
[233,224,223],
[167,158,157],
[127,118,117],
[152,142,141],
[174,164,164],
[190,186,184],
[168,169,164],
[181,177,172],
[196,183,179],
[187,153,149],
[185,138,132],
[221,205,190],
[231,235,224],
[232,229,228],
[235,229,227],
[233,228,225],
[233,228,225],
[231,226,223]],
[[224,219,216],
[222,216,214],
[223,217,215],
[226,220,218],
[230,222,220],
[231,223,221],
[230,222,220],
[231,223,221],
[233,225,223],
[234,226,224],
[235,227,225],
[236,228,226],
[235,227,226],
[235,228,226],
[232,226,224],
[196,190,187],
[157,151,148],
[192,186,183],
[236,226,225],
[242,236,233],
[206,206,201],
[170,170,165],
[186,179,177],
[197,186,180],
[177,161,144],
[178,140,124],
[228,211,201],
[241,232,231],
[234,228,226],
[234,229,226],
[234,229,226],
[233,228,225]],
[[225,220,217],
[221,219,215],
[223,219,216],
[228,220,218],
[230,222,220],
[231,223,221],
[231,223,221],
[231,223,221],
[232,224,222],
[234,226,224],
[235,227,225],
[236,228,226],
[236,228,226],
[237,231,228],
[237,233,230],
[239,235,232],
[210,206,203],
[234,229,226],
[239,234,229],
[236,232,226],
[238,236,232],
[215,214,211],
[178,178,176],
[180,184,176],
[189,194,178],
[178,154,143],
[193,149,148],
[230,215,211],
[234,230,227],
[234,229,226],
[235,230,227],
[234,229,226]],
[[227,219,217],
[222,219,215],
[225,217,216],
[230,217,217],
[231,222,220],
[231,223,221],
[232,224,222],
[232,224,222],
[234,226,224],
[235,227,225],
[236,228,226],
[236,228,226],
[236,228,226],
[235,230,227],
[236,232,229],
[236,232,229],
[226,222,219],
[231,228,224],
[236,236,228],
[235,235,227],
[236,234,229],
[238,235,233],
[222,221,219],
[188,190,182],
[188,182,180],
[199,190,189],
[180,158,152],
[200,182,172],
[238,233,229],
[234,229,226],
[235,230,227],
[234,229,226]],
[[228,219,217],
[224,217,215],
[225,217,215],
[228,217,216],
[231,222,221],
[231,223,221],
[231,223,221],
[233,225,223],
[234,227,225],
[235,229,226],
[235,229,226],
[236,230,227],
[237,230,228],
[237,232,229],
[237,233,230],
[237,233,230],
[238,233,230],
[238,234,231],
[237,236,230],
[236,234,229],
[238,233,230],
[238,233,231],
[240,236,233],
[232,228,224],
[203,194,195],
[199,191,193],
[203,202,195],
[220,208,202],
[239,233,230],
[235,230,227],
[235,230,227],
[234,229,226]],
[[227,219,217],
[225,217,215],
[227,219,217],
[228,220,218],
[231,223,221],
[231,223,221],
[232,224,222],
[234,226,224],
[234,227,225],
[234,229,226],
[234,229,226],
[236,231,228],
[237,232,229],
[238,233,230],
[239,234,231],
[239,233,230],
[239,234,231],
[240,235,232],
[240,235,232],
[238,233,230],
[238,233,230],
[239,234,231],
[238,233,230],
[241,236,233],
[236,232,229],
[221,216,213],
[227,222,219],
[238,233,231],
[237,232,230],
[236,231,228],
[235,230,227],
[234,229,226]],
[[227,219,217],
[225,217,215],
[226,218,216],
[227,219,217],
[229,221,219],
[232,224,222],
[233,225,223],
[235,227,225],
[235,228,226],
[234,229,226],
[234,229,226],
[236,231,228],
[237,232,229],
[239,234,231],
[240,235,232],
[240,235,232],
[240,235,232],
[241,236,233],
[241,236,233],
[239,234,231],
[239,234,231],
[239,234,231],
[239,234,231],
[239,234,231],
[239,234,231],
[237,232,229],
[237,232,229],
[238,233,230],
[237,232,229],
[236,231,228],
[235,230,227],
[234,229,226]]]