[[[154,128,110],
[142,120,99],
[102,93,58],
[118,116,71],
[115,119,70],
[95,107,56],
[123,129,81],
[119,108,67],
[117,95,67],
[129,113,82],
[105,102,61],
[119,128,78],
[135,158,94],
[133,132,74],
[140,127,87],
[120,130,88],
[137,127,92],
[126,116,85],
[129,127,86],
[150,150,103],
[130,132,88],
[89,96,59],
[112,121,93],
[116,124,101],
[118,126,101],
[133,143,111],
[102,115,80],
[83,96,63],
[92,104,78],
[101,112,91],
[97,105,78],
[103,104,77]],
[[150,119,107],
[120,89,82],
[138,121,82],
[130,123,71],
[94,93,49],
[107,114,66],
[124,131,81],
[118,116,69],
[104,99,62],
[94,94,54],
[91,102,52],
[118,139,81],
[134,162,96],
[130,138,80],
[137,130,90],
[116,113,78],
[146,124,93],
[135,121,86],
[94,87,56],
[103,99,67],
[136,138,92],
[86,88,54],
[83,82,67],
[99,98,84],
[115,115,94],
[108,109,79],
[120,119,79],
[106,104,68],
[99,95,69],
[121,116,97],
[103,104,77],
[103,109,75]],
[[103,82,61],
[125,101,88],
[145,131,92],
[133,125,77],
[107,101,61],
[98,100,54],
[109,117,64],
[118,126,73],
[116,120,74],
[96,103,56],
[106,121,65],
[118,140,77],
[124,146,80],
[115,124,69],
[117,116,76],
[126,112,83],
[146,119,92],
[150,131,100],
[114,101,73],
[111,106,75],
[117,120,76],
[83,80,49],
[81,69,58],
[105,93,82],
[107,97,79],
[133,123,95],
[139,126,91],
[133,120,88],
[134,120,94],
[130,115,94],
[119,110,86],
[109,111,79]],
[[103,100,61],
[110,102,70],
[115,113,76],
[99,94,58],
[109,98,63],
[105,102,60],
[124,132,78],
[134,149,90],
[136,140,91],
[109,111,61],
[116,124,66],
[114,128,64],
[127,137,74],
[97,106,53],
[93,96,57],
[125,106,80],
[139,111,89],
[146,122,103],
[138,122,90],
[146,140,98],
[119,121,84],
[122,116,86],
[128,111,90],
[110,92,77],
[93,75,58],
[119,101,80],
[145,124,104],
[161,140,119],
[157,137,113],
[147,127,102],
[137,118,98],
[104,99,74]],
[[118,124,73],
[108,111,66],
[96,101,65],
[79,74,40],
[97,86,47],
[106,110,65],
[119,137,81],
[115,134,73],
[114,113,66],
[105,104,61],
[116,128,72],
[118,131,68],
[119,115,60],
[118,114,66],
[123,118,83],
[140,120,96],
[148,123,101],
[141,120,101],
[123,113,77],
[140,140,94],
[105,108,71],
[152,141,113],
[140,120,96],
[139,119,100],
[145,125,106],
[120,100,79],
[105,89,69],
[116,103,82],
[135,122,97],
[126,109,85],
[121,99,82],
[115,101,81]],
[[120,126,67],
[118,123,71],
[91,98,51],
[97,91,46],
[109,99,55],
[83,96,49],
[90,113,59],
[112,124,66],
[101,94,54],
[88,85,53],
[96,116,65],
[102,114,60],
[113,101,58],
[112,97,57],
[125,109,80],
[114,94,71],
[133,110,86],
[168,147,118],
[152,142,107],
[149,144,107],
[135,126,91],
[147,129,104],
[127,106,87],
[154,133,112],
[154,133,112],
[136,118,93],
[117,111,78],
[104,104,71],
[107,104,76],
[109,95,75],
[161,138,119],
[163,138,118]],
[[116,125,57],
[113,121,60],
[113,120,64],
[112,108,63],
[103,92,56],
[92,92,51],
[120,121,74],
[136,130,80],
[124,110,74],
[108,94,62],
[108,110,68],
[104,99,58],
[133,124,82],
[112,111,70],
[86,75,47],
[78,59,36],
[103,78,53],
[154,119,87],
[176,146,113],
[176,149,121],
[167,137,114],
[129,102,81],
[131,109,88],
[133,111,90],
[129,107,87],
[133,113,90],
[144,134,100],
[141,135,101],
[127,118,88],
[123,107,82],
[165,135,116],
[185,151,134]],
[[120,132,73],
[110,118,67],
[117,121,77],
[117,115,77],
[101,91,58],
[120,107,72],
[160,141,102],
[159,140,101],
[172,151,119],
[164,137,96],
[136,119,81],
[101,82,51],
[105,100,57],
[95,102,59],
[115,104,75],
[143,121,97],
[149,122,93],
[157,123,85],
[154,120,85],
[148,116,88],
[135,105,82],
[122,96,74],
[124,100,77],
[124,100,80],
[133,109,92],
[153,130,112],
[154,136,107],
[151,134,105],
[152,135,106],
[133,115,86],
[141,109,89],
[174,136,121]],
[[130,145,95],
[130,138,97],
[123,126,92],
[109,112,79],
[96,94,59],
[147,130,96],
[171,149,117],
[163,146,120],
[192,167,136],
[168,130,75],
[148,119,78],
[111,94,63],
[124,122,73],
[111,110,65],
[141,117,86],
[168,135,105],
[181,151,114],
[167,137,98],
[176,144,108],
[132,101,69],
[136,111,82],
[151,127,100],
[142,116,92],
[141,114,95],
[154,126,113],
[165,138,126],
[155,128,111],
[168,139,120],
[163,136,114],
[139,119,92],
[142,118,95],
[150,120,102]],
[[126,144,86],
[132,139,92],
[121,121,81],
[116,123,83],
[126,133,91],
[162,150,114],
[151,138,110],
[116,109,91],
[157,128,94],
[156,111,45],
[154,123,76],
[118,111,73],
[126,122,67],
[128,109,64],
[134,95,61],
[147,103,68],
[148,112,70],
[141,105,70],
[164,122,91],
[149,107,76],
[161,128,94],
[170,143,112],
[152,126,100],
[162,135,115],
[183,154,141],
[172,142,134],
[166,133,126],
[183,146,137],
[177,142,129],
[161,138,118],
[139,124,100],
[104,87,65]],
[[134,141,95],
[135,115,88],
[149,128,102],
[151,147,114],
[176,175,145],
[171,161,138],
[124,124,99],
[86,78,52],
[164,122,83],
[171,127,75],
[148,123,77],
[127,121,73],
[120,105,56],
[128,94,57],
[129,89,55],
[121,81,45],
[120,81,44],
[120,77,45],
[122,76,46],
[137,92,61],
[129,89,56],
[141,110,79],
[161,138,110],
[172,150,126],
[187,158,142],
[159,125,115],
[142,113,106],
[142,106,99],
[132,98,87],
[123,103,84],
[146,134,110],
[103,87,66]],
[[121,121,85],
[153,125,109],
[150,127,108],
[127,119,93],
[161,154,132],
[158,159,136],
[80,93,59],
[116,104,65],
[171,127,82],
[186,147,103],
[149,125,83],
[134,116,68],
[141,112,70],
[126,85,52],
[119,79,46],
[124,84,50],
[123,83,50],
[123,81,48],
[130,89,55],
[124,83,50],
[117,76,43],
[115,76,45],
[146,115,85],
[163,137,108],
[160,129,105],
[134,98,77],
[141,111,87],
[146,114,90],
[141,116,88],
[127,116,83],
[150,140,110],
[150,133,112]],
[[121,124,84],
[142,133,104],
[128,125,97],
[127,125,99],
[169,162,139],
[141,152,118],
[88,108,63],
[137,124,80],
[170,137,88],
[168,137,93],
[170,141,103],
[157,122,85],
[145,104,68],
[126,81,48],
[126,81,48],
[144,98,65],
[138,93,60],
[129,90,54],
[128,88,53],
[117,75,40],
[113,69,35],
[124,76,44],
[125,78,47],
[133,92,60],
[135,98,66],
[128,89,58],
[147,107,73],
[141,111,75],
[145,130,92],
[126,121,82],
[127,118,85],
[126,112,86]],
[[114,125,79],
[106,116,75],
[88,99,65],
[137,141,114],
[157,148,124],
[120,120,86],
[96,107,65],
[126,115,77],
[175,153,115],
[189,168,133],
[197,169,139],
[172,134,101],
[135,90,55],
[127,82,47],
[128,83,48],
[144,99,64],
[126,83,48],
[127,91,53],
[130,92,55],
[123,80,45],
[129,83,49],
[135,85,53],
[136,83,51],
[141,90,57],
[143,98,62],
[144,100,65],
[170,121,94],
[125,97,70],
[116,107,81],
[96,89,68],
[93,84,57],
[92,82,51]],
[[95,119,64],
[96,124,71],
[94,113,74],
[130,140,112],
[144,131,106],
[164,135,110],
[129,117,89],
[80,71,50],
[97,83,67],
[167,152,135],
[187,166,145],
[162,130,98],
[140,101,63],
[136,97,57],
[121,82,43],
[129,90,51],
[130,92,53],
[131,98,57],
[118,82,42],
[128,86,48],
[149,100,65],
[132,84,52],
[141,90,60],
[152,96,65],
[146,93,58],
[152,102,66],
[166,116,88],
[143,121,93],
[119,114,92],
[71,57,50],
[89,79,58],
[121,115,78]],
[[97,116,66],
[93,121,68],
[87,108,66],
[86,99,65],
[134,121,93],
[188,145,127],
[172,143,127],
[122,111,98],
[66,51,45],
[78,63,59],
[146,134,115],
[151,126,90],
[141,104,65],
[142,105,66],
[137,100,60],
[134,97,57],
[147,111,72],
[155,124,83],
[137,101,62],
[130,88,49],
[146,101,60],
[135,98,64],
[162,124,102],
[189,142,120],
[150,104,72],
[161,116,77],
[151,104,65],
[145,124,87],
[128,120,93],
[117,99,83],
[140,128,101],
[150,142,104]],
[[108,104,67],
[105,114,70],
[104,118,70],
[122,129,85],
[149,136,104],
[176,142,120],
[191,156,140],
[180,157,138],
[155,130,116],
[113,91,89],
[88,83,60],
[136,115,74],
[155,112,77],
[149,109,72],
[165,127,86],
[169,132,89],
[161,126,84],
[154,124,84],
[136,99,64],
[136,96,59],
[159,126,77],
[152,130,90],
[110,87,78],
[133,105,96],
[181,153,120],
[174,142,100],
[153,109,68],
[141,110,76],
[165,145,116],
[179,159,129],
[158,144,107],
[154,137,106]],
[[115,110,70],
[118,116,72],
[140,133,88],
[170,158,118],
[169,147,117],
[167,129,107],
[184,142,124],
[184,151,129],
[183,157,135],
[164,142,135],
[95,94,69],
[145,133,94],
[143,108,73],
[143,108,68],
[158,125,82],
[144,112,66],
[161,131,84],
[169,139,99],
[137,102,69],
[140,103,71],
[164,134,91],
[165,141,103],
[120,93,80],
[124,94,82],
[194,166,131],
[177,145,106],
[157,118,86],
[143,110,82],
[179,152,125],
[191,164,134],
[171,153,116],
[162,142,112]],
[[95,94,62],
[111,104,74],
[140,118,93],
[160,133,110],
[170,141,118],
[174,134,115],
[154,109,92],
[171,133,111],
[173,150,126],
[130,115,101],
[94,101,70],
[120,122,84],
[136,118,88],
[157,134,105],
[161,134,108],
[166,138,105],
[170,141,99],
[172,142,103],
[173,143,113],
[171,142,115],
[175,149,117],
[173,147,115],
[182,152,138],
[179,149,134],
[187,160,129],
[201,173,147],
[167,139,121],
[143,115,93],
[182,152,127],
[181,151,121],
[164,144,101],
[174,153,111]],
[[55,60,35],
[76,76,54],
[99,87,72],
[119,98,84],
[133,109,93],
[160,129,114],
[174,138,122],
[172,138,119],
[133,114,94],
[98,87,72],
[94,108,70],
[91,110,63],
[101,104,73],
[86,80,61],
[124,108,94],
[175,148,126],
[161,128,92],
[168,136,98],
[188,162,133],
[182,161,140],
[160,139,118],
[166,145,123],
[184,161,152],
[168,148,138],
[149,133,114],
[144,130,122],
[89,80,74],
[106,88,73],
[164,137,112],
[174,145,114],
[161,141,94],
[160,138,90]],
[[85,100,58],
[75,93,55],
[66,79,45],
[68,66,45],
[77,62,54],
[91,73,62],
[104,81,68],
[151,126,112],
[104,89,76],
[78,69,56],
[75,94,52],
[93,124,67],
[107,129,83],
[58,73,37],
[77,71,47],
[166,139,106],
[172,134,88],
[179,145,106],
[198,175,148],
[202,186,169],
[191,173,160],
[125,111,99],
[83,74,73],
[66,60,59],
[47,44,40],
[29,30,39],
[10,16,18],
[56,49,35],
[137,117,89],
[165,141,108],
[155,132,99],
[149,121,95]],
[[108,128,69],
[113,139,77],
[97,115,67],
[84,82,56],
[106,83,73],
[99,74,63],
[69,50,37],
[111,87,75],
[91,78,67],
[69,70,51],
[76,97,54],
[82,114,55],
[121,155,88],
[93,121,60],
[106,106,65],
[157,128,89],
[167,125,77],
[166,131,91],
[193,168,143],
[193,176,164],
[179,167,161],
[110,111,97],
[47,57,45],
[21,31,24],
[5,15,15],
[9,20,27],
[14,28,17],
[83,94,57],
[138,137,91],
[145,130,96],
[166,136,116],
[180,146,131]],
[[112,129,72],
[121,140,79],
[130,139,95],
[149,140,114],
[167,136,119],
[174,140,125],
[161,140,121],
[159,130,116],
[142,126,112],
[85,83,59],
[116,125,85],
[108,126,72],
[104,138,66],
[108,141,73],
[103,107,65],
[126,99,67],
[175,132,95],
[151,115,75],
[144,117,88],
[114,99,82],
[52,48,36],
[55,68,43],
[63,86,54],
[48,67,42],
[33,49,31],
[42,55,40],
[63,79,49],
[105,123,68],
[126,134,75],
[139,127,90],
[154,124,102],
[156,122,104]],
[[100,111,60],
[114,124,70],
[115,119,78],
[143,136,108],
[163,138,118],
[181,152,132],
[170,153,127],
[159,134,112],
[139,126,105],
[101,97,68],
[141,143,103],
[101,114,63],
[66,100,35],
[90,128,65],
[88,99,60],
[109,88,64],
[161,123,96],
[173,138,100],
[155,129,96],
[119,108,80],
[72,74,44],
[82,100,60],
[80,106,59],
[100,121,74],
[111,127,78],
[91,104,57],
[102,114,71],
[97,110,52],
[129,134,72],
[138,125,83],
[130,106,74],
[134,109,86]],
[[100,108,61],
[123,127,82],
[114,116,78],
[118,114,84],
[154,136,111],
[166,148,121],
[144,143,106],
[124,118,81],
[109,118,80],
[106,118,78],
[121,133,89],
[90,115,64],
[69,109,47],
[75,114,55],
[73,90,52],
[78,72,50],
[130,109,88],
[172,145,114],
[178,156,127],
[135,125,94],
[120,121,81],
[119,135,85],
[97,121,64],
[106,127,62],
[121,140,66],
[119,133,63],
[96,102,51],
[107,115,57],
[137,139,80],
[122,109,67],
[144,129,91],
[144,130,101]],
[[121,134,88],
[135,139,100],
[111,118,81],
[132,134,101],
[155,141,114],
[145,140,105],
[117,139,88],
[119,141,87],
[105,127,76],
[95,110,63],
[100,113,67],
[99,125,76],
[106,145,86],
[85,121,61],
[86,110,64],
[60,72,44],
[74,74,57],
[156,141,125],
[179,163,148],
[163,151,130],
[144,135,102],
[149,153,105],
[117,131,72],
[119,138,69],
[116,140,59],
[116,137,58],
[131,131,78],
[138,138,84],
[116,112,62],
[145,129,92],
[136,127,89],
[117,114,80]],
[[105,115,72],
[107,110,73],
[110,116,81],
[121,125,91],
[166,159,127],
[127,132,93],
[89,124,68],
[104,143,82],
[96,121,67],
[86,90,46],
[91,87,48],
[80,95,52],
[84,111,56],
[96,123,61],
[81,106,52],
[88,107,66],
[57,72,44],
[79,78,69],
[146,134,130],
[155,141,127],
[177,161,136],
[185,179,137],
[143,152,91],
[150,169,98],
[116,143,65],
[117,138,65],
[154,149,97],
[142,138,87],
[114,109,61],
[146,135,94],
[133,127,90],
[101,98,65]],
[[94,93,54],
[95,98,59],
[95,90,61],
[104,102,71],
[131,140,99],
[113,130,91],
[69,102,55],
[71,114,58],
[87,116,65],
[87,84,50],
[95,76,48],
[102,107,64],
[86,98,50],
[115,126,76],
[98,109,60],
[126,128,83],
[93,106,60],
[46,55,36],
[80,67,62],
[104,93,72],
[128,116,90],
[131,126,91],
[124,139,75],
[121,142,66],
[108,126,55],
[124,131,75],
[155,147,95],
[143,135,81],
[122,123,66],
[120,129,70],
[135,130,88],
[100,86,59]],
[[111,121,72],
[83,106,54],
[113,114,77],
[138,134,98],
[106,119,75],
[102,125,83],
[77,113,65],
[54,95,39],
[104,127,71],
[125,127,84],
[100,89,51],
[114,100,58],
[130,122,86],
[127,133,102],
[129,132,100],
[131,118,89],
[104,104,68],
[80,88,63],
[57,46,36],
[113,108,79],
[112,107,74],
[92,97,62],
[118,134,79],
[122,129,66],
[133,139,83],
[114,125,77],
[138,140,86],
[151,149,94],
[129,131,76],
[125,138,78],
[133,133,85],
[95,83,52]],
[[99,100,56],
[95,114,66],
[133,124,89],
[151,130,97],
[120,117,76],
[97,108,68],
[91,114,69],
[93,117,64],
[114,133,73],
[123,144,84],
[104,119,68],
[129,116,77],
[125,110,87],
[83,90,74],
[67,67,50],
[85,66,53],
[96,88,68],
[93,96,70],
[82,75,57],
[114,120,81],
[117,121,78],
[93,117,76],
[106,136,88],
[107,114,68],
[123,134,91],
[104,131,85],
[113,125,72],
[134,132,83],
[114,111,66],
[106,115,69],
[126,134,82],
[97,91,54]],
[[119,99,73],
[150,141,117],
[163,137,118],
[139,104,78],
[96,76,40],
[83,82,47],
[89,97,56],
[116,121,73],
[106,115,61],
[84,108,51],
[109,135,85],
[121,122,91],
[73,66,50],
[34,43,27],
[47,50,34],
[82,68,53],
[88,85,63],
[94,96,66],
[124,122,95],
[125,141,92],
[114,129,76],
[84,116,72],
[74,113,69],
[96,113,75],
[102,120,83],
[110,136,95],
[105,113,65],
[120,109,68],
[111,100,65],
[100,107,71],
[95,111,61],
[97,97,58]],
[[132,109,101],
[161,134,134],
[123,100,96],
[123,101,78],
[123,111,70],
[97,106,64],
[94,112,65],
[99,107,58],
[104,88,51],
[94,85,50],
[88,91,59],
[53,54,42],
[43,42,30],
[81,92,63],
[90,101,69],
[84,84,54],
[93,103,64],
[100,102,65],
[119,120,87],
[99,124,67],
[99,124,62],
[101,118,76],
[79,99,63],
[84,96,63],
[106,108,78],
[115,112,80],
[135,128,87],
[152,130,97],
[137,117,91],
[78,83,54],
[65,87,43],
[110,113,77]]]